-1.71801
-0.0810711
0.736476
0.300297
-0.435925
-0.474308
0.795287
-0.385785
-0.693176
0.999155
1.58857
2.25074
0.522892
1.30695
-0.490681
-0.0160794
0.761393
-1.56825
-0.727097
-1.99024
-1.94154
-0.65845
-0.220047
-2.36653
0.968215
0.813367
0.640694
0.815522
1.14457
-1.27348
0.719665
0.338265
-0.160445
-1.2638
1.12288
1.46126
-2.01532
0.985403
1.56442
-0.583589
-0.256348
-1.61302
-0.981563
-1.19092
-0.321552
-2.65413
2.15409
0.0630055
0.780547
-2.78086
-0.507692
-0.712547
-2.12484
0.876073
-1.42155
0.74215
-0.826965
0.422718
-1.78253
1.12137
-1.17244
-0.226588
1.49145
-1.64907
0.66068
-1.76834
0.188833
0.666038
0.466366
1.45481
-0.00842782
1.66739
0.45361
2.02077
-0.213552
-1.3104
-0.834874
1.10161
0.374866
-1.54516
-0.990216
-1.07469
-0.0166958
-1.28182
-1.63028
-0.348014
-1.30315
-0.424881
-0.551461
0.342548
-0.42601
0.733276
0.858451
1.00231
1.018
0.303074
-1.59428
1.12735
0.264734
0.335022
0.384285
0.281101
0.494788
1.16518
0.230026
-0.235217
-1.8874
-1.50148
2.3077
-0.54462
1.10087
-0.506667
-0.339631
0.289007
0.859919
0.573855
0.793253
-0.789286
-0.561706
0.765231
-0.937715
0.616778
-0.241122
0.173108
-1.66938
-1.07702
-0.964689
0.605847
-1.40612
-0.486164
-0.632761
0.435196
-0.350735
-0.542073
0.453959
1.20212
0.428689
2.11188
-1.17062
-0.721655
0.0426167
0.561218
-0.515987
-1.44189
-0.166037
0.732482
-0.894505
-1.8009
0.746986
-1.85649
-0.820423
0.936465
0.421895
0.284732
-0.648166
1.4261
-0.522733
1.0103
1.04993
-1.64521
-1.12151
-0.0623222
-0.708171
0.165183
1.03626
0.00843882
0.385785
-0.839572
0.310893
1.74769
0.379077
-0.600991
2.25735
1.57807
0.121769
1.23073
-1.04021
0.591505
-1.12241
-1.5863
2.65561
1.47719
0.257346
0.307324
0.0807163
0.528959
0.569687
1.13313
0.0374925
1.13515
-0.244872
-0.797069
-0.707354
0.151382
-0.598592
2.37662
-0.485643
-0.202656
0.901644
1.21844
-0.926098
-0.63732
0.47847
1.19753
-0.574556
-1.22723
2.14994
-0.395366
-0.0645837
-0.058321
-0.302893
0.147815
1.45193
-0.226296
0.335477
-0.489418
-2.37329
-0.180579
-1.11491
-1.30369
-0.950156
-0.551835
0.690734
-1.11648
0.509134
0.606703
-0.647259
1.11632
0.0812062
-0.232988
0.0591116
-0.75667
1.34952
1.50187
1.2941
-0.641092
-2.2817
-0.897853
-0.480185
-0.688161
0.11511
-0.342418
0.383718
-0.0408588
1.07483
-0.896095
0.488705
0.630369
0.548553
-0.5681
0.651815
-1.43584
-1.19132
-1.05354
-0.559587
1.37552
-0.106372
0.968226
0.530222
0.29416
0.117064
-0.346216
-0.142603
1.2839
0.0503256
-0.0194815
0.243653
-1.8591
-2.57112
-1.01321
-0.823076
0.993322
-1.06051
-1.79959
-0.387456
0.591321
0.751247
-0.503606
0.535173
1.31542
-1.47422
1.96591
-0.0889453
0.634772
0.555589
-0.829577
-0.637422
-1.68154
-0.68694
-0.47429
-0.287175
-0.687245
0.603836
1.4298
-1.29781
-0.174889
1.20555
-0.64706
-0.317314
1.29203
1.48656
0.878335
0.200194
-1.33241
-0.327821
-0.522479
-0.990395
0.0439993
0.116079
-1.20339
-0.846524
-1.04185
1.81891
0.234788
-1.39022
-0.219398
-0.835463
-0.374913
1.9069
-0.0999996
-0.517301
-0.221681
-0.292791
-1.94565
0.243964
-1.62528
-1.88489
-1.06863
-0.883883
-1.68752
-0.889611
-1.6055
-0.442675
0.41684
0.244946
0.118251
0.148027
0.477119
-0.244527
0.636464
0.407529
-0.259676
-0.0424763
1.18253
0.433416
0.734218
0.509522
-0.370499
1.65564
1.70077
-0.564508
0.69228
-0.499886
2.11335
0.492079
-0.478017
-1.09639
0.461232
0.623733
0.432427
-1.10525
1.26543
-0.285093
-0.110859
-0.734607
0.348523
-0.832879
-0.160367
1.53677
-0.275633
-0.115543
0.163895
1.19456
-0.138837
-0.468977
-1.16628
-0.920402
-0.643563
1.29491
-1.83213
0.260646
0.138968
-0.403949
-0.0901238
1.46023
0.2275
0.892374
-0.233005
0.41846
-1.1575
-0.805754
0.0210357
0.845117
0.509418
0.294881
-1.38276
0.227178
-0.593529
0.171312
-0.303732
0.83638
-0.194254
-0.0962237
1.02546
-0.031581
0.379236
0.902999
-0.364585
0.295797
-0.758634
-2.31258
-1.45365
1.27777
0.542752
-1.67804
1.58382
0.619492
0.412876
1.09424
-0.830749
-0.629956
0.326369
-0.307605
0.296359
2.21004
-2.05994
-2.27933
0.456101
-0.110713
0.39822
0.323045
-0.616856
-0.766901
1.54331
-1.32709
3.29158
-2.05125
0.257604
-1.44793
-0.0522631
0.00286234
-0.211686
1.38237
0.521687
0.534029
1.75977
-0.16048
-0.404316
0.888087
-1.64616
-0.203396
-0.426994
1.19385
-0.880955
-0.462922
1.64681
1.08718
1.90827
0.462706
-0.807701
0.714356
-0.615261
0.447011
-0.900704
1.11463
-0.697975
-0.434164
-0.654718
0.0299771
0.265398
-0.43266
-1.02402
0.221565
0.648109
-0.372914
-1.34159
-0.694084
-1.11326
1.18866
-0.487087
0.921077
-0.103315
0.879862
0.538548
0.76266
0.651239
-1.18184
-1.70993
1.38028
0.962014
2.69092
-0.382825
0.136911
-0.323622
-0.228857
0.784913
-0.730576
1.06297
0.419137
0.974822
-0.102788
-0.561045
2.43651
0.0470833
0.910642
0.997359
0.40193
-0.471445
1.12274
0.0133964
-0.243054
-0.579634
0.92367
1.30978
0.637555
-0.710368
0.37759
-0.903247
-0.656921
0.94564
1.54971
-0.268119
1.56024
-0.0186726
1.37889
0.382831
-0.239297
-0.303005
0.206096
-1.13145
-0.492445
0.247715
-0.680679
-1.41568
-0.461223
-1.36113
0.801289
-0.744904
-0.150926
-0.248661
0.234338
-0.717935
1.20659
1.20581
-0.348794
-0.14401
-0.170689
0.823982
-1.68616
1.10195
-0.909994
-1.75171
-0.453519
-2.12453
1.11044
1.44424
-1.03574
-2.26632
-0.0402917
0.360721
0.555139
0.382141
0.267865
-0.9839
0.0635029
-1.46049
0.941791
-1.03348
0.117559
1.49274
-2.07024
-0.851626
-0.930197
-0.554246
-0.794003
0.124163
-0.0616899
-0.615966
-2.63381
-0.492966
-0.589571
0.504733
1.52138
-0.934369
0.743087
-0.191758
0.553889
-0.826407
1.3973
-0.252213
0.167565
-1.0182
-0.539888
-0.835385
0.221992
-2.03566
-1.14628
0.146602
-1.87369
-0.227612
0.80832
0.929402
-0.414452
2.07086
-0.0891382
-1.5778
-1.0115
-0.24018
0.101162
-0.285237
0.610418
-0.666108
1.0405
1.13264
-0.976439
-1.06795
-0.237906
0.619243
-0.678828
-0.80037
0.00224946
-1.61178
-0.370354
1.61586
-0.746774
1.20162
-0.712043
0.457796
-1.0881
-1.06088
0.47805
0.670972
-0.357459
-0.622353
0.475278
-1.17734
-2.14602
2.50903
-0.324086
-0.13896
0.717059
-0.609431
-0.316326
-0.143249
-0.3567
-1.4291
-0.143685
0.0569588
-1.10098
0.754479
-0.765092
-1.54061
-1.63245
0.178459
-1.03629
-0.322573
0.555236
0.205302
-0.957945
0.679465
-0.385717
-0.181945
-0.252824
0.00816135
-1.5587
0.258285
-1.90502
1.28395
0.226606
0.449864
-0.287293
-1.20722
-1.10774
-0.509019
-1.15301
-0.637435
0.743881
-1.80618
-0.236011
0.00761308
1.19322
-1.04575
-0.0278318
0.16407
-0.203434
1.11576
1.71066
0.489083
-0.714189
1.23504
1.02537
0.544785
-1.92624
-1.14115
0.36202
0.42716
0.119013
-0.863355
-1.41324
-1.45324
-1.0317
1.1676
-0.223393
0.987036
-1.33076
0.588727
0.806734
1.27271
-0.146957
-0.342966
-0.604759
-0.0453453
0.351436
-1.26643
1.1692
-0.251207
-0.198001
0.953936
-0.370209
0.385123
0.414535
-1.49365
-0.0219361
0.687301
0.113648
-1.05408
-0.405863
0.305556
0.448807
0.251872
0.358018
-0.085211
-0.352304
0.0401407
0.700271
1.29568
1.62322
-1.11911
2.22516
-0.164326
-0.0254243
0.433527
1.03711
2.0731
-1.28427
-1.99708
1.07813
-1.38701
-0.839373
-0.784146
1.07066
1.3534
-1.06098
1.73179
1.10276
0.908955
0.823749
1.23951
1.14334
0.345548
0.301514
-0.809309
-1.23254
-0.303975
1.18272
-0.435909
-0.254791
1.03772
0.957763
-0.193461
-0.335612
-1.31539
-1.74705
-0.853304
1.39924
-2.43715
0.513327
-0.905787
-1.09264
0.570373
1.11104
0.896108
0.46555
0.47388
-0.372839
-0.203587
-0.784181
1.34116
-0.516296
-0.642168
-0.834429
0.808074
-0.506317
-1.53499
-1.24926
-1.54827
-0.65383
0.28888
0.259913
1.26237
0.0537936
0.0291103
0.684018
0.422371
0.457939
-1.11541
1.39978
-1.74542
-0.712066
-0.64569
2.06091
0.233457
0.294807
0.570703
1.7102
-1.77839
0.804076
1.19395
-1.66462
1.30107
-0.0666175
-1.11323
1.0796
-1.18855
-1.01497
-0.206064
0.0827964
-0.847143
0.428272
-0.93313
-0.238714
-0.189175
0.591769
1.2566
1.92687
0.434779
-0.150088
1.77188
1.89622
-1.83005
0.643864
-0.261468
0.808639
-0.148728
0.636914
-1.21672
-0.623615
-0.0643709
-0.00626028
0.469565
0.0651775
1.03152
-0.298988
-1.76686
0.771213
-0.796063
0.520737
0.317843
-1.73521
0.34815
0.312405
-2.10022
-0.549395
0.0105533
-0.171035
0.397372
-0.232985
1.83284
1.02634
-0.59235
0.0107259
0.701192
0.374852
-0.379843
-2.75905
0.391155
-0.377206
-2.36723
1.18961
-0.678483
1.72193
-0.655539
-0.113985
-0.231373
-1.99321
-1.67645
-0.434952
1.93901
-0.916433
1.63919
-1.01021
-1.42724
0.0904738
2.09927
1.16289
0.788802
-0.0789576
-0.712228
1.63776
2.33105
0.922937
1.34708
1.80063
-0.764205
0.543473
-1.13572
0.0076893
2.00867
-0.739722
-1.78878
0.654476
0.953941
0.575161
-1.73792
0.0783553
-0.36547
1.80074
0.0310923
0.718386
-0.356449
0.892255
0.494855
1.39843
-0.673267
1.03478
-0.0883744
0.890244
-1.30719
-0.298782
-1.53405
1.31523
1.08513
0.163939
0.903183
1.22842
2.18227
-0.948202
-1.29282
-0.158702
0.225524
0.023952
-0.236636
-0.311574
-0.0410023
-2.29022
1.63668
-0.0186993
-0.715289
0.918077
0.200384
0.967204
1.42257
1.07871
0.721769
0.0642976
-0.909582
-0.946146
0.62501
0.620809
-1.37118
1.7369
1.14699
-0.125076
1.31501
1.46442
0.390715
0.56698
0.649916
-0.132313
-0.249103
-0.24326
-0.382237
0.992809
-0.176263
0.502184
-1.3952
1.06638
0.272873
-3.20042
0.11757
1.61124
-0.579962
0.600439
1.33524
0.868274
-0.0539903
0.0385604
0.629401
0.671565
-0.342899
-1.60719
2.68856
-0.192825
0.911033
0.18655
0.178972
-0.485176
0.642118
-0.185787
0.140365
