0.00622543
1.14024
1.0557
0.0393321
0.373841
-0.819564
-2.97578
1.34577
0.177311
-0.185268
-0.238139
0.520515
-0.0262362
-0.322763
1.46986
-2.47246
-0.67574
-2.01364
0.190167
-0.164917
-0.910539
-0.896972
0.325533
0.905602
-1.19424
-0.775446
-0.907659
0.151835
0.952167
-1.01715
-0.537767
-0.851747
-0.802599
-0.97734
1.0986
0.657093
0.824602
0.831652
0.382952
0.59013
0.485088
0.953844
-1.29386
0.560853
0.120526
0.23264
2.26384
0.184367
-0.772316
-0.57131
0.288208
-0.313159
-0.657359
-0.827079
-0.699128
-1.32321
1.36064
-0.41458
-1.03855
-1.18681
-0.163596
1.33182
0.654287
-0.437643
1.97597
-1.92566
-1.00556
-0.19268
0.730406
-1.04819
0.45316
0.751301
-0.472851
-0.269162
-1.45186
-1.08869
1.88577
-0.564408
-0.642852
1.26667
0.393252
-0.437884
0.473225
0.0971922
-0.0181115
-0.628915
0.635294
0.832119
0.686798
-1.71918
-0.869029
-1.84448
0.3908
0.978808
1.27074
1.17906
2.50222
-1.34554
0.627412
1.31764
-1.58957
0.724974
-0.165727
-1.68096
-0.61131
1.52795
1.46838
-0.561336
0.609942
0.363177
0.141611
-0.730415
0.27605
1.12269
0.328159
-0.859387
0.725177
-0.4527
-0.111536
1.1731
-0.0164721
0.433932
-0.196837
0.72773
-0.8376
0.996114
-0.694688
-0.560018
-0.220287
-1.27187
0.0535282
-1.4736
-1.43956
0.845471
0.419358
-0.75581
1.12798
0.638353
-0.890789
-0.0566127
0.569408
0.136306
-0.435598
1.10492
0.239796
0.182658
0.152289
0.319372
-0.414525
0.479476
0.72932
-0.737054
-1.20806
-0.493293
0.185792
0.239694
-0.425474
-0.238781
1.14098
0.436507
0.597486
1.40177
0.826333
-1.23003
0.146245
-0.458587
-0.418665
0.494745
0.49992
1.21405
0.30378
1.22784
1.06808
0.74224
-0.395875
-1.08731
0.949318
-0.338559
-1.61106
-1.8094
-0.288483
0.733194
-0.39335
0.338541
0.533798
0.780409
0.0446767
-0.647838
-0.312205
0.658878
1.1658
0.697891
1.41684
-0.177965
1.39183
-0.907444
-0.463548
-1.73194
0.0369304
0.768079
0.148639
-0.50236
-0.0794148
-0.358129
0.125463
0.284774
0.808665
0.122727
0.0583546
-1.80747
0.935944
-0.801034
-0.196288
-1.67236
0.717689
0.5154
1.49428
0.440769
-0.825404
-1.30806
-0.786632
-2.71403
-0.243133
-0.307863
0.204942
-0.0963554
-0.374864
-0.343133
-0.392001
0.584039
-0.192925
1.79015
0.875635
-0.0360225
-0.212517
-1.48158
1.29673
1.214
-0.990593
-0.362602
0.663481
-1.3323
-0.702355
0.230822
0.986432
1.34181
-0.00667032
-1.55657
-1.23436
-1.03793
-1.20804
-1.43065
-1.44448
-0.271088
-1.90518
0.0219513
0.857584
-0.591784
0.783406
0.766766
-1.80065
0.843021
-0.533852
1.14687
0.385626
-0.297366
0.585308
-1.49572
-0.464465
-0.486961
0.644887
-1.01542
-0.679253
1.94344
-0.043604
-2.27992
-0.736452
0.51574
0.264055
0.325786
0.278268
1.70433
-0.661101
-0.397517
-0.166127
0.970384
-0.110303
0.967504
-0.114509
-0.57471
-0.448041
0.0122221
0.162772
-0.171019
-0.882474
-0.608908
-1.30565
0.211991
-0.185202
0.0649303
-0.444097
0.025582
-0.0747408
1.25878
-1.21339
-0.183855
0.327694
-2.02508
1.26524
-1.16957
0.459036
-0.729009
-1.92907
1.07562
-0.503051
-0.254616
0.0380021
-2.58194
0.619946
-0.804178
0.921432
0.642098
1.0367
-0.995365
-1.42875
1.34441
-0.200323
0.100003
-0.714827
-0.781095
0.116183
-1.84009
0.0391246
-2.16664
-0.71817
-0.512003
-2.03912
-0.14038
-0.564626
-0.0810643
1.12945
1.6885
-0.157275
-0.155096
-1.6362
-0.663342
-0.134133
0.182254
-1.26013
0.386892
-0.945816
-0.338858
-0.483229
-1.33655
-1.11805
-0.226435
0.976258
-0.422363
-1.52981
1.60927
0.669301
0.966707
0.0315117
0.696053
-1.19259
-0.147171
1.16615
0.925079
0.361841
1.26399
-0.110961
0.154293
2.02515
-0.0413683
0.806486
0.424521
-1.07567
-1.62645
0.132922
-0.113099
-0.770745
-0.802174
-0.61742
-0.419468
-0.559664
-1.80721
1.10732
0.404731
-0.819272
0.906587
-1.26067
0.916423
0.792676
1.67315
0.338488
0.388103
-0.221635
-0.298218
0.826906
2.80747
1.37285
-0.678461
0.790686
-0.0266286
-0.879877
0.234522
-0.882633
1.75577
-1.29445
1.84052
0.545155
0.857465
-0.474282
0.337887
0.232853
-0.838665
0.717881
2.41805
2.12155
0.285231
0.336219
-0.160814
-0.729988
-2.21364
-0.551116
-0.261505
-1.18662
-1.46458
0.181786
0.0523047
-0.32056
2.32888
0.295902
0.787825
1.02647
1.58821
0.758108
1.01183
-1.6676
0.403601
-1.49847
-0.381619
-0.231336
1.57308
0.323333
1.32178
-0.374284
0.0257579
-0.221563
0.706742
0.118189
1.23639
0.383246
-0.819007
0.908039
-0.677706
0.856331
0.118694
-0.242608
0.254666
-0.419534
1.71132
2.33247
-0.931541
-1.10256
-0.0761391
1.09387
-1.64233
-1.05228
-0.0235933
0.658574
0.949692
-0.222562
0.832693
-0.030299
-0.89308
-1.0936
0.247523
-0.0725899
1.64881
0.531372
0.209878
1.01873
-0.870526
1.26255
0.0377204
-0.27886
-1.38152
0.388535
0.876197
-0.455415
0.948538
-0.929301
-0.209122
0.912525
-0.734181
-0.153086
-0.552975
1.05514
-0.322267
1.15327
-0.63107
1.09322
-1.36038
-0.00736043
1.09905
1.7966
0.266016
-0.453054
0.19191
0.0711182
-1.88665
-0.42976
0.699879
0.819151
-1.33024
1.12449
0.943337
-0.157669
-1.14916
-2.31269
0.302717
-0.339146
-0.120268
-0.269995
-0.85538
-0.539264
-0.206668
0.338986
-0.71684
-0.473216
-0.554051
-0.697832
0.348585
0.152774
-1.34681
0.587906
0.420089
-0.461005
1.63051
-0.745265
1.25258
-0.244076
-1.44719
-1.34082
0.515778
0.713727
-0.313632
1.74197
-0.461959
1.19211
0.268013
-1.5012
-0.786099
-0.193666
-1.10365
1.83938
1.43131
-1.31476
-0.0178082
1.64278
-0.0954047
0.691238
0.179813
1.89795
0.602867
3.1099
-0.0560399
0.578363
0.0150506
0.210841
-0.06256
-0.530321
1.95535
0.735949
1.22791
-0.688784
-1.0762
0.939592
0.608887
-1.3849
-0.0116567
-2.13118
0.05646
0.276893
-0.400064
-0.436901
-0.339779
0.727103
0.620001
-0.468453
-2.15449
0.730642
0.732235
-1.16156
1.18678
0.735853
-1.14971
0.905718
0.268582
0.204024
-1.26921
-0.275015
0.0313367
0.0779424
-0.592454
-0.0472175
1.1055
-0.491318
-0.000981916
0.965346
-1.43711
-0.715764
2.00014
-0.623952
-2.88638
0.830325
0.162971
-1.64033
-0.0965326
1.5624
-0.0414641
0.483369
0.398949
0.969006
-0.141078
1.8276
0.893414
-1.4365
0.34799
-0.455352
0.873295
1.81876
-0.565044
-0.0950919
-1.34633
-1.20895
0.0787713
1.3871
0.864617
0.286263
-0.086401
-0.702611
0.095025
-0.884071
-0.345145
-0.176524
0.636644
-0.57926
-2.17817
0.352108
0.60618
0.143847
-1.63646
-0.521933
-0.136665
-0.46507
-2.43033
0.17385
-1.39911
-0.0845494
-2.07232
-0.377442
1.51226
-1.21004
1.60948
-0.206626
-0.626521
1.27391
0.984322
-0.436563
-0.000317594
0.40457
-0.484065
0.794523
-0.149207
1.69001
-0.0425113
0.178149
0.464759
-1.74098
-0.28252
-0.700468
1.39362
0.189266
0.542708
0.993221
0.401606
1.57762
0.899819
0.509825
0.593176
-0.672755
0.771871
-0.632029
1.95168
0.838181
0.0608407
-0.266475
1.56017
0.952264
-1.14299
1.88367
-1.34527
-0.793769
-0.150704
1.47831
-0.284638
-0.380431
-0.750033
-1.70526
1.01303
-0.323492
-0.527152
-1.28556
0.10178
-1.53339
-1.01859
-0.358397
-0.119889
0.875224
2.67626
-0.686481
-0.712359
1.35552
0.21743
-1.02176
-0.466545
-0.251429
-0.116852
-1.99276
-0.25863
-0.93746
-0.229564
-1.03419
-0.209573
1.19456
0.0483411
-1.61222
1.99462
1.92795
-1.46093
-0.824899
0.456405
-1.70794
0.29533
0.203114
-1.64737
0.237249
-0.80426
-3.06192
-0.398151
-0.575967
0.841304
-0.881529
-0.900973
0.329279
0.369955
1.01345
1.83424
0.79529
0.917968
-0.155937
0.387608
0.55271
1.0896
0.854505
0.671611
-0.0544228
-0.0628774
0.657066
-0.14956
2.29113
0.330754
1.90761
0.575844
0.876606
0.393993
0.804498
-0.717886
0.45886
0.127904
-1.15108
1.26605
-0.507174
-1.52189
-0.626072
-0.809724
1.77405
-1.49238
-0.168435
0.0739619
0.850197
1.31839
0.730568
0.515762
1.63576
1.05144
-0.40002
0.211779
-0.91432
-0.464404
-0.21604
0.624916
-0.0133514
0.729136
-0.244497
0.458526
-0.199572
1.32214
-0.588549
0.690986
1.22934
0.561686
-0.340051
-0.756153
1.23509
0.605014
-0.139527
0.336685
0.573915
2.70183
0.414112
-1.1487
-1.89745
1.19227
-1.66554
-0.0966862
1.07426
0.134947
0.744776
-1.46115
-0.386341
-0.481644
-0.70832
-0.293967
0.936968
-0.90162
-1.41607
0.325744
-0.711151
-1.21055
-0.34769
0.181356
1.58425
-1.65897
0.501139
1.50642
-0.440631
0.0919896
-0.0569217
0.213337
-1.01502
-0.738887
0.0794167
-0.404989
-0.340597
-1.24296
-2.82316
-1.25334
0.818785
0.840979
-0.180605
0.0180369
0.581527
0.76805
1.40183
-2.0155
-1.21391
-1.39806
0.940812
-0.703885
0.802741
0.736242
-2.01199
-1.19183
-2.23012
0.500337
1.37939
1.00892
-0.745943
0.632656
-0.771903
0.0222621
0.893169
1.78229
-0.441177
-1.06541
1.05607
1.92554
0.129146
-0.138396
-0.400969
-0.452832
0.950043
-2.80581
-0.286033
-2.40432
1.08774
-0.466242
-0.936165
0.205983
1.06711
0.465893
-1.40265
1.30245
-0.603911
-0.15382
-1.82097
0.0888339
-0.973364
0.324457
0.47962
0.374403
0.910781
0.582277
2.48104
0.0186505
1.52236
-0.807918
-1.12315
0.257718
0.22599
-0.293723
0.303107
1.16807
-0.351977
0.316986
-0.0626552
0.703475
0.396601
0.345684
1.19145
-0.579563
0.524084
-1.00026
0.914725
0.925635
-0.607484
-0.436189
-1.07602
-1.23888
-0.118817
0.453701
-1.61458
0.892561
0.660824
1.22065
-0.165965
-1.32408
-0.152047
0.80461
1.5509
0.945541
1.71312
0.599567
1.70363
-0.0273519
0.629364
-0.274537
-0.442625
-1.93962
2.35337
-0.518915
-0.373694
-1.77138
0.202151
0.295705
1.80214
-0.2224
-0.204509
-0.0930639
-0.541348
-1.27918
0.321825
0.0302875
0.54846
0.116101
1.97384
0.51812
-1.23996
-0.443347
-1.57304
-0.347045
-0.592258
0.0221189
0.308755
0.474288
-0.441862
0.313299
-0.0290144
1.42511
-1.16566
-0.640131
0.0490858
-1.0691
0.0333858
0.43396
-0.276436
-1.20976
