0.518641
-0.470743
-2.13601
-1.225
-0.0523843
1.25867
-0.26754
0.085348
-0.888536
-1.05764
0.21012
-2.5391
2.29443
0.978946
2.53848
-0.933897
-1.90751
-2.41103
-0.808152
1.45985
1.39306
0.244909
-0.284167
-0.639809
-1.2734
0.71954
2.02942
1.59719
1.40798
-0.887398
1.4104
-1.47761
-1.75645
1.19655
-0.089755
-0.687552
1.56616
1.67491
-1.35749
-2.10483
-1.76213
-0.767984
1.78881
-4.00349
1.07897
-0.231868
-0.310518
-1.21751
0.59834
1.0596
2.39037
-0.326986
-1.2466
-1.00111
-0.701887
-0.32092
-1.72627
1.44603
-2.5359
-0.406222
-0.405275
0.209911
-0.177238
-1.02705
0.281118
0.829121
-2.53621
1.65938
0.387436
-2.15831
-3.59161
0.428494
2.10104
-2.09063
-0.063479
0.980362
-1.39749
0.120884
1.10064
1.30821
1.89004
-0.117895
1.78966
-2.69235
0.323863
-0.817385
-0.796106
-0.644143
0.833815
-2.7686
-0.290472
-1.88974
0.460665
2.19503
-0.58015
1.01491
0.0407
-1.23549
-1.2077
-1.03063
-0.354281
0.515325
-1.05897
0.108092
1.53469
-0.678307
-1.35179
-0.242471
-1.42611
0.048235
1.44388
-2.59514
0.469492
-1.2343
0.454856
1.64162
0.122192
-2.06273
-1.48233
1.08134
-0.152109
-1.36648
-0.45724
-0.546454
0.930899
-1.58354
-1.73978
0.11995
-1.49326
0.837517
-0.17016
1.82239
1.15613
-0.0954132
1.53412
-1.47829
-0.839318
1.66586
-1.30924
1.53239
0.169086
3.0117
1.80844
0.947332
1.86229
-0.109642
0.3277
0.6795
-1.28195
-1.92095
0.617279
-3.15831
-0.309057
0.47946
0.024455
1.39891
2.60593
0.578411
1.13524
1.24949
-1.21299
-0.13979
-0.267877
0.69379
-0.0364921
-0.227061
-0.401467
0.645293
0.849971
-0.740267
0.803682
-2.41967
0.609807
-0.740611
-1.70278
0.993915
-0.968648
0.53633
1.85174
-2.0542
0.2717
-0.374544
0.737465
-1.90476
0.854086
-1.45362
-0.810756
2.27994
0.162509
-1.38075
-1.90297
0.633956
-0.289222
0.41478
0.426073
-0.863633
-1.45091
3.82767
1.63985
3.14538
-0.092758
-1.00982
-1.92837
1.67386
0.908186
0.41718
1.3095
0.383641
-0.810414
1.85667
1.38903
0.390141
-0.069264
2.25253
-1.47038
0.26118
0.663474
0.675009
-0.505776
0.558691
-0.32331
0.962324
0.856116
-1.537
-0.039585
-1.62981
2.11206
3.33311
-0.160163
2.37586
-0.48031
-1.08488
-0.11933
0.787739
0.174487
-1.99618
0.193587
-1.76684
1.31388
0.47301
-2.07813
1.30678
0.345096
-0.861914
-0.965453
3.86465
0.858999
-0.048826
2.6272
1.29239
-0.494339
-0.796578
-0.878113
-1.13651
0.329524
0.199534
1.24336
-2.33394
-1.71724
-1.15727
0.256685
0.154965
2.33693
0.303898
0.347853
0.294651
0.636379
-0.67676
-0.041736
-0.08131
2.42037
-0.953001
-1.29302
2.50938
1.95794
-0.342112
0.95042
0.05245
-1.04078
1.38632
-2.40011
0.988561
-0.371749
3.00377
1.4771
-1.6792
2.30953
-0.652884
0.491739
-0.15819
0.838214
-3.85282
1.29951
1.27233
-0.613072
-2.59577
-0.0060066
2.23098
-0.631539
-0.078121
-2.23642
0.564818
0.327567
2.94602
0.0071031
-1.47062
0.778412
0.734641
-2.04147
2.1131
0.87326
-0.64919
-0.825644
0.048
-1.09064
-0.41137
0.027684
-0.393605
3.95121
2.33516
0.15559
-2.01463
-1.03119
0.393939
1.52702
2.04831
-1.05059
-1.08948
-0.00692
-0.283236
-0.584688
0.764373
2.03504
0.331829
-3.28806
-1.95757
-0.432334
-0.520295
0.995533
-1.02325
-1.64424
-1.36063
-3.28548
-3.3963
0.614768
0.637334
1.40773
-1.14735
0.747198
-0.765065
-2.537
0.298525
-0.181965
0.283153
0.305668
-0.31903
-0.0498
0.222756
0.492412
-2.0773
-0.249225
0.828901
-1.51375
0.070265
2.76958
-0.059093
-0.665895
2.41348
-0.848254
2.0784
0.137467
0.08718
-1.3786
0.2379
1.1242
-0.497625
0.408692
1.7302
-0.451048
-2.20737
1.20489
3.88105
-0.339742
0.78057
-1.42506
-1.12161
-0.487799
-1.46489
0.856156
-0.90829
-0.797838
0.092166
-1.04245
-1.49704
2.68172
-2.47758
-1.36183
0.203564
0.552676
-1.98892
1.63311
0.523717
0.236904
0.285735
1.35515
-3.76441
-2.33402
-0.122421
0.672502
-0.352732
-0.580566
0.807648
-2.05926
2.53696
0.0517
1.96172
-1.04859
0.175124
-2.14104
0.798797
0.463908
1.44974
-2.0057
-2.37667
2.25496
0.85803
-0.786995
-0.46543
-1.23041
1.52161
-0.249173
1.83613
-0.631586
0.758694
1.97471
-2.24347
-0.922275
-1.54416
-0.222447
2.00095
1.62081
-0.438691
-0.140128
0.518571
0.633413
0.192826
2.02802
0.920314
-1.2847
-1.82988
0.019309
-0.975565
0.707718
-1.24039
0.094703
0.858549
0.740337
1.87193
1.59998
1.03334
0.650793
-1.21537
1.68353
-0.96305
-0.545122
0.023564
-0.756538
0.355602
0.458754
-2.53341
-0.090073
0.810212
-0.831918
0.109121
2.16593
-2.01358
-2.3434
-0.912066
-2.13893
0.993808
-1.24669
-2.1572
-1.51811
3.05877
-1.35525
-2.68136
0.584045
-0.984211
-1.31906
-1.1394
1.11122
2.77605
1.66963
0.62675
0.312809
-1.61771
0.756712
2.0551
1.01085
-1.22561
-0.088439
-2.4026
0.429477
1.8843
0.607455
-0.56308
-3.28292
-0.180036
0.417255
1.69829
1.49721
0.68559
1.71622
0.620244
-1.22047
0.086039
-0.91338
-2.10464
0.589777
-0.62769
1.10415
0.377754
-1.79132
1.27599
-0.993055
-0.388393
-0.02892
-0.127096
-0.75638
-0.376806
0.351895
0.407911
-1.96717
0.976812
0.57493
0.686689
1.74363
2.97753
-1.30393
-0.282318
-0.480108
0.584964
2.02313
-2.01785
1.85309
-1.12026
0.87427
0.229784
-2.2416
-1.02072
-0.149814
1.61067
0.100366
2.38527
-1.12257
0.837503
0.370589
0.254585
0.935892
-0.143655
-1.05322
0.797665
-0.60628
-0.5379
4.31758
0.03744
-1.58007
-0.807331
-0.52129
1.60105
0.413851
-0.810577
-0.377942
-0.975544
-1.96809
0.538423
-0.032076
1.36087
0.632188
1.42348
0.965377
-0.784942
0.342773
0.964419
-1.27279
-0.432747
-2.08132
1.02245
-0.145139
0.763434
0.26382
0.82881
2.6896
1.56086
-1.12995
0.596052
0.98724
0.77296
1.13202
0.44085
0.600199
1.6985
0.566907
0.383142
-1.82745
0.742107
-2.08117
-1.21847
-3.03901
1.74301
0.868312
-1.56817
-0.394517
0.481435
-1.41701
-1.25213
1.10046
2.78572
0.255156
-1.86592
1.45661
-1.31335
-0.00713
0.825257
-1.0152
-1.91208
2.24288
1.30612
0.793349
-1.1273
-0.05176
-0.080804
-0.625252
0.12671
1.2866
0.21249
2.35004
-0.223115
-2.54739
-1.80958
-0.482492
0.474959
-0.118676
-0.394761
-1.36211
-1.45916
-0.479162
0.697605
-1.23974
0.834833
-0.852933
2.71886
-1.03733
-1.40712
-0.077135
0.570681
-0.54508
1.3408
-0.356313
-0.583713
-0.13741
0.494215
-2.18185
-2.00249
0.195929
0.800182
-0.0120415
0.892611
1.84855
-0.203549
2.56377
-0.047142
-1.00668
1.36175
0.733904
0.133618
-0.818704
1.01264
0.242811
1.87492
1.06917
-0.73084
-0.34036
1.20539
-0.185185
1.05918
2.18026
0.87767
0.254764
1.85974
1.51942
0.70738
1.33059
0.0663723
-1.58324
1.61371
-2.16565
-0.800297
-1.1241
-0.245306
1.72613
-0.987906
-2.20635
-1.13421
3.00012
-0.591825
-1.25435
1.45053
-0.108483
-0.3807
0.464107
-1.55155
-0.389596
-1.1362
-0.734411
1.11708
0.30158
-2.29251
0.454795
-0.032931
-0.177919
-1.84078
-0.484431
-2.35937
-0.341184
-2.78198
-1.98689
-0.301866
2.39009
-0.287474
1.91339
0.56356
-2.68813
2.09638
2.09977
-1.54674
-2.12818
-0.730919
0.48646
0.284267
0.476437
-0.230381
-0.736533
3.33946
1.68409
0.807249
0.890802
-3.20005
0.711966
0.559466
1.84775
0.580101
-0.576884
-1.26999
-0.238907
1.42868
-0.202892
1.32619
2.18491
-1.29118
-2.736
0.935588
0.233088
-0.698848
1.48542
0.130161
-0.930931
-0.27804
-1.03244
-0.397048
-1.55949
1.36675
-0.344608
2.12182
-0.007417
-0.13317
0.661219
1.38429
-1.47163
-0.526682
-0.37235
1.2074
-0.0922225
-1.22464
-1.38599
-0.868289
-2.09461
-2.63826
1.18839
0.977012
0.525333
-2.89226
1.68895
0.495748
-1.29062
-0.519117
-2.61612
2.44659
0.588006
1.58956
-0.181519
2.05079
2.19248
-0.481771
0.764493
-1.13863
-1.66261
2.75364
1.66325
-2.41577
-0.840327
-1.60493
-1.39821
-1.87965
-0.11827
0.536376
0.483264
-1.18792
-1.14842
0.600112
-0.906255
0.787345
0.821783
-0.461016
-0.844507
1.47645
1.02183
0.50235
-1.04504
-1.86091
-2.12066
-0.792221
-2.88114
-1.60833
0.968516
-0.87276
-0.184403
-2.86418
-0.747118
1.37868
-0.25164
3.85551
1.2611
-1.67172
-1.14872
-1.64696
0.0623987
-0.195529
0.87488
-0.12688
1.24665
-3.00595
1.37528
1.09584
0.02805
0.258697
0.652944
0.3691
-0.945232
-1.71073
0.78585
-3.15133
-1.49669
-1.93446
-0.943786
1.64947
-0.171387
-1.30341
-0.464902
1.13118
-0.114403
0.173238
0.584356
-1.84592
-0.20675
1.35948
0.331745
-0.204019
0.727089
1.13118
-1.95556
1.02904
0.12634
0.522528
-0.234927
-0.245639
-1.39768
0.012592
1.47616
0.205044
0.527806
0.50283
0.726249
-0.92048
-1.14086
-1.92683
-0.515514
-0.794069
-0.223528
-1.45474
1.3041
-1.73457
1.0078
1.06331
1.63735
-1.07461
-2.02973
2.59366
-0.671257
-0.803876
-0.11406
2.05644
-1.70485
-0.633492
2.54651
-0.333596
-1.03282
0.998798
1.25264
1.19363
-0.388923
0.162871
-0.04961
-1.32914
0.525701
0.194958
-1.15956
-0.715238
2.40594
-0.845255
1.36413
-1.72085
2.53434
-3.59367
1.97304
-0.333761
0.094371
0.280605
3.01941
-0.548611
0.801642
4.07221
-2.1391
1.75477
1.60701
-0.782786
1.05739
-1.81578
0.182841
0.56484
1.83382
-2.1427
0.446694
1.06102
-3.0116
-0.633145
-0.70379
-0.607489
1.05205
0.428989
-2.54583
-1.97086
-0.973253
-1.12505
-3.42975
0.882181
1.38019
0.267704
1.95483
-0.581534
0.815113
-0.463059
1.3583
1.11455
-0.910943
-0.584333
1.59579
2.00652
-1.14529
-1.70081
-0.381366
2.64788
-1.06064
0.08999
2.39256
0.771863
1.15654
-1.38772
2.90872
1.54252
-0.291279
-0.330523
0.034325
-1.08107
-1.22845
2.30259
-0.353621
-1.10907
4.42355
1.50053
