0.1597
-0.888742
-0.155198
-1.16446
-0.234456
-0.554169
0.296261
0.160161
0.0367109
0.224896
-0.863528
0.529421
-0.633948
-0.528448
-0.521239
1.15616
0.655805
-0.748339
0.468695
-0.320183
1.76685
0.186912
-0.228674
1.26166
0.505533
0.4445
-0.842254
-0.479221
0.445717
0.965425
0.137163
-0.580604
0.453246
0.360076
0.2212
0.951131
-1.1955
0.538668
0.92063
0.67404
-1.81865
0.877667
-0.192179
0.657603
1.33785
-0.564389
-1.72631
-0.530224
-1.50013
-0.0018761
0.179731
-0.627841
-2.38384
-1.37935
0.0993675
-0.0219732
-0.278166
-1.21345
-0.319548
0.447711
-0.775444
-1.54752
0.40229
0.032717
-2.15977
0.75568
-0.517723
0.484322
-0.129124
-1.27265
0.594748
1.95452
0.381975
-0.58323
-0.037455
1.17656
-0.503768
0.354971
0.4203
-1.48962
-0.157293
1.05514
0.472935
0.00197373
1.54501
0.726528
0.0310063
-0.438551
-0.451339
0.824766
1.58104
0.464138
0.588079
1.15525
-1.11422
-1.1325
0.104709
0.210618
0.0729676
-1.6942
