0.357413
-0.12045
0.835574
0.607885
0.974795
-0.947239
0.650553
-0.148743
-0.75548
-1.89802
0.227051
-0.908034
-0.7961
0.380845
0.363532
-0.164543
0.0290154
0.277653
-0.941611
0.107979
-1.17036
-0.614457
1.43817
2.39589
0.331633
0.367336
0.674453
-0.738877
-0.399896
-0.200195
1.81563
0.91035
-0.804551
1.74114
-0.782298
-0.943852
0.0551446
0.115314
0.069454
1.53563
1.31349
0.590921
0.562368
-0.986643
-0.398082
-0.402992
1.21919
0.0273496
-0.548111
0.859214
-0.702071
2.4743
-0.358628
-0.858664
0.588886
-1.46825
-0.643187
-0.7357
-0.398152
0.851283
-0.902351
-0.0594263
0.414245
-0.923989
-1.91557
0.420993
1.03201
1.66387
-0.631341
-0.807677
-2.03935
0.233722
0.0193307
0.0959057
0.171698
-0.375241
0.249931
-1.34385
1.26126
-1.20009
-0.401411
1.54356
-0.29391
0.687347
0.627492
0.215751
-0.0378775
-1.06553
1.59123
1.42987
0.588668
0.956231
0.3957
0.789377
0.948182
0.379873
2.27116
-0.472677
0.0750437
0.413556
