0.517113
-1.00919
0.680376
-0.556575
0.740339
-1.50141
0.946814
0.011418
-0.718769
-1.67312
-0.636477
-0.378613
-1.43005
-0.147603
-0.157707
0.991617
0.68482
-0.470686
-0.472916
-0.212204
0.59649
-0.427545
1.2095
3.65755
0.837166
0.811836
-0.167801
-1.2181
0.045821
0.76523
1.95279
0.329746
-0.351305
2.10122
-0.561098
0.007279
-1.14036
0.653982
0.990084
2.20967
-0.50516
1.46859
0.370189
-0.32904
0.939768
-0.967381
-0.50712
-0.502874
-2.04824
0.857338
-0.52234
1.84646
-2.74247
-2.23801
0.688253
-1.49022
-0.921353
-1.94915
-0.7177
1.29899
-1.67779
-1.60695
0.816535
-0.891272
-4.07534
1.17667
0.514287
2.14819
-0.760465
-2.08033
-1.4446
2.18824
0.401306
-0.487324
0.134243
0.801319
-0.253837
-0.988879
1.68156
-2.68971
-0.558704
2.5987
0.179025
0.689321
2.1725
0.942279
-0.0068712
-1.50408
1.13989
2.25464
2.16971
1.42037
0.983779
1.94463
-0.166038
-0.752627
2.37587
-0.262059
0.148011
-1.28064
