1.47617
-1.76538
0.80706
0.640872
-0.616177
0.815703
0.667277
1.44858
0.72522
0.542329
0.19435
-0.788773
2.07521
1.06954
2.50343
0.075504
2.3906
1.89339
1.97726
-1.10767
0.0580021
2.09844
2.09484
-0.939999
-1.077
-0.465038
-0.478868
-1.56566
0.154664
2.84324
-2.10705
2.87943
2.23313
-1.80446
0.868457
-1.20919
1.44772
-1.92924
0.866726
0.32807
-1.26247
1.68968
-0.722184
0.943802
1.29473
0.822874
1.08487
-0.924725
-0.246564
-1.58897
-1.8608
0.031563
2.0797
0.487107
-0.295526
-1.01328
-1.28132
-0.291526
-0.182211
-1.12355
-0.249036
0.624032
2.49664
1.34565
0.523723
-0.6535
0.637978
2.79901
-1.56487
0.148637
-0.911653
0.0064861
-2.62417
1.51196
1.36146
-1.65575
-0.74207
-1.05253
2.42115
-1.20716
-0.63439
1.01461
1.46538
-1.30761
1.26883
1.18526
-0.089276
-0.66869
0.049297
-0.796574
0.43668
-0.676776
-3.51634
1.2257
1.3314
1.7191
0.867907
0.0574669
-0.33142
1.44397
-1.8507
-2.34285
0.363136
1.33929
-0.13804
-1.15375
0.534022
0.168799
-3.65809
1.86051
1.41892
0.202122
-1.15735
0.620296
-1.41697
0.256346
-0.015164
1.1986
-1.01117
0.111094
-0.691068
-0.416204
1.43509
0.602041
0.272594
-1.66908
-1.22583
4.80643
1.18177
-0.939937
-0.257033
-0.415378
-0.179373
1.52897
1.60638
0.50222
-1.13193
-0.2663
0.75315
-0.183919
1.3113
0.11697
-0.470027
-0.36169
-0.557031
-0.574636
-0.61187
-1.21183
-3.08515
2.01385
-1.25015
2.01903
1.19412
-0.297374
1.46758
3.13248
1.37246
-1.32417
-1.2024
-2.93197
-0.13323
2.72186
-1.15192
-0.195102
-2.88144
0.449767
0.214457
0.363705
0.915558
1.49882
0.293681
-0.191316
1.04492
-0.386734
-0.44851
-1.59196
1.82971
-1.77222
-0.097088
1.11476
2.0007
1.68479
0.508327
0.638821
-2.63839
0.066389
-0.13829
-2.67233
1.23777
-0.360639
3.60498
1.34905
0.738729
1.51531
0.650481
-0.600233
1.5086
0.632684
1.35379
-0.990441
0.549025
-0.905296
0.961448
0.98035
-0.963318
0.884969
0.195322
2.10819
1.46799
-0.724028
0.733646
0.375353
0.354941
0.408926
1.29286
-3.25508
0.492797
-0.268782
-1.22653
0.03361
-1.18154
-1.13718
0.467332
-0.696186
-1.73871
0.758143
-0.640592
-0.954879
0.22729
0.0878338
-0.55617
1.55032
-1.24167
0.417256
0.365101
1.03426
-0.677959
2.17064
0.319845
-3.33864
1.56721
0.470864
1.08435
0.55946
-0.608612
0.465973
-1.02579
1.54659
2.30798
0.335985
1.67614
-1.49372
-0.767287
-1.60211
-1.8513
1.71809
0.977443
1.78859
-1.7556
1.64121
-1.96707
2.51518
-1.3215
-0.273203
0.68055
-0.690281
0.709388
-1.37348
1.16588
-3.6279
-3.94044
0.173582
-2.03682
-0.956901
-0.236214
-0.221821
-1.90129
-0.727
-1.99093
1.63067
1.00737
1.84485
-0.47204
-2.52088
-0.814995
-2.19047
0.074598
-0.210689
1.39474
-0.395043
-2.4229
-0.780096
0.623317
-0.900964
1.21562
-1.60311
1.72991
-0.23463
-0.691094
-0.384442
0.282032
1.58672
0.365519
0.101151
-0.278484
-0.053092
1.32483
-0.361846
-0.030413
-0.954713
-1.49724
-1.2292
-0.406005
-1.50569
1.39242
-0.78062
-2.82651
-2.52347
0.377377
-0.1571
2.10954
1.90866
0.823588
1.2156
-1.48784
1.8611
-0.170657
0.939539
0.319931
-2.58397
2.48689
-0.730996
0.541733
-2.13793
0.744015
-0.110237
0.01378
-1.67892
0.89581
0.357488
1.88944
-0.438036
1.57897
-0.0516566
0.258756
-1.61337
0.479542
-0.30252
0.79309
1.5538
-0.366888
-0.894323
0.476079
-0.520176
-1.32672
-0.586203
-3.31084
1.78344
0.943617
-1.07388
1.53135
-0.989934
0.0039645
2.69821
-0.559407
-1.02037
-1.49979
-2.20631
1.7986
-1.15575
0.210116
0.353715
0.621407
-1.36524
-0.344067
0.355114
1.19441
0.596329
0.477594
-0.26227
2.35652
1.15246
0.0107777
1.66122
2.98082
-0.326915
-2.90617
0.384787
-0.167406
-1.0089
2.231
1.6657
0.414319
-0.067897
-2.08141
0.130149
1.0968
-1.56058
-0.617835
0.274544
0.207516
-2.6363
1.63905
2.20765
2.29141
0.202103
-0.360773
-1.7305
0.461193
0.441026
0.954267
-1.54862
0.815287
1.38455
-4.1074
1.04714
0.70599
-1.06575
1.20561
-0.68345
0.344433
2.73888
1.50555
-0.039613
-0.511011
-1.79745
1.40075
0.720359
0.444608
-0.66043
0.350265
-1.72236
-1.34738
0.963222
2.01621
-1.79773
-3.11463
0.396035
-2.07055
-0.782105
-0.846235
-0.475081
-2.71336
0.355571
-0.26795
1.04907
-1.11524
-2.09015
-0.89861
-0.126955
0.253416
-2.01706
1.19707
-1.24085
1.53642
0.28045
0.41183
-0.179792
-1.87258
1.80053
0.384376
-0.659571
0.54906
0.453649
-1.7342
-2.21943
-0.750734
4.56999
1.55828
-1.07048
1.46404
-1.54627
1.69422
2.93822
0.756204
-1.83436
1.06421
-1.03261
-0.7535
-1.12464
-0.656794
0.522981
-0.86367
-0.427803
-1.08708
1.82794
2.81136
1.424
-1.02817
-3.87282
1.62354
-1.12686
-0.711238
1.54841
0.994061
-3.4235
0.113744
0.88421
-0.780147
-0.686784
1.56477
-1.22669
-0.462285
-0.507115
1.83307
-0.724612
1.43324
-1.42666
-1.25814
0.266527
-0.731775
0.360736
-0.972503
1.26925
1.66174
-0.215
-1.57607
-0.926346
0.346987
0.263185
-2.69521
0.436085
1.05297
-0.294881
-1.58098
2.33299
-0.858255
2.91696
0.662502
-0.829463
-0.857625
-1.20694
0.165634
-2.24593
-0.617262
-1.26257
-0.127675
0.928454
-0.384596
0.18097
-0.809465
-0.715874
-1.10087
-3.08504
-0.795252
-1.70918
0.258668
1.27865
-0.825812
1.20199
1.39279
-2.13968
-0.994622
1.691
0.418509
1.28733
1.63422
-0.025962
1.06462
1.59828
2.09812
-0.501175
0.923544
-2.25017
-0.542398
-0.364238
-0.07372
-1.22531
-0.797629
-0.445284
-0.768123
1.08695
-0.509789
-1.70891
0.184351
-0.44735
0.492693
-1.30787
-1.51556
1.67037
1.61094
2.50667
0.850446
0.19366
0.310077
2.76375
-0.986123
-1.12925
-0.471671
-1.44678
-1.66065
-1.6013
0.708597
-1.17581
-0.651597
-1.13695
-1.90147
1.85892
1.27315
-0.958246
-1.37776
-2.02919
-0.89195
-1.39415
-1.53924
-0.490776
0.369815
0.696694
0.246829
-0.230419
0.491476
1.62171
1.40941
1.07466
-0.618051
1.70571
-0.065271
1.64919
-0.240573
0.656359
-0.394722
1.44587
-0.32915
-1.16212
0.447391
-1.75537
1.01812
-2.49631
2.89359
-0.208903
0.72601
0.691041
0.661163
-0.30229
-0.849993
-0.111158
-0.167301
-1.51974
-0.092117
1.85671
0.984325
1.53835
-3.22989
1.0119
-1.18458
-2.86857
-1.04456
0.1563
-0.199093
-0.614572
-0.656214
-1.17534
-1.69017
2.84594
-1.52678
-0.49356
1.10019
1.80267
1.49433
-1.00969
-2.21072
0.260988
0.763835
0.549405
-1.58762
0.908952
-1.86571
1.76837
-0.182887
-0.633144
-1.66927
-1.12571
1.1608
-1.52961
1.53303
0.432193
-1.25772
-3.04114
0.420453
-0.23748
-0.95266
0.902552
-0.37475
-0.647439
1.63161
-0.199003
0.318722
0.204352
1.43931
1.16066
-0.064722
-0.28801
-0.617461
-0.65965
-1.06499
-4.38716
0.835456
0.615154
0.254484
-2.57051
-2.20564
-0.887089
-1.82292
0.647582
1.69872
-0.835124
0.531956
-2.41961
1.43387
-2.92375
0.56767
-2.42
-1.31981
1.30895
0.901016
1.41922
-0.670041
1.22196
2.5464
1.84945
-1.0037
0.729899
-1.65066
-0.448966
0.790695
0.196917
-0.009891
2.69819
-1.21246
-1.75641
2.77143
-0.54922
-1.73046
0.466077
0.54831
1.00646
-1.9705
0.09648
-1.71081
-0.996378
2.13201
0.176072
-2.37368
-3.40667
1.22596
-0.197902
-1.12518
1.20243
-0.0688157
0.887123
2.49766
-0.990537
0.581541
-1.3894
3.34304
0.99396
-0.436305
-0.350579
0.323173
2.94571
0.796509
-0.724114
-0.521948
2.74947
-1.99212
0.284039
0.042753
-4.88676
1.96714
-0.820845
0.169715
0.746574
1.26529
-0.058565
0.772483
-0.499199
0.085816
-0.068506
1.09793
2.50984
-3.15132
0.461593
2.51563
0.537785
1.02158
-0.873317
1.14956
1.32951
-1.18116
-1.8202
-0.578464
1.81683
2.13833
-2.47242
0.16676
1.6235
0.902123
-0.016987
-1.22219
-1.93017
-0.073998
2.36752
1.98399
-1.44
2.00661
-0.471256
0.551355
-0.238079
0.79648
1.06147
-0.136678
-0.341346
2.17614
1.19349
-0.383782
0.890116
0.586749
1.48635
-0.607997
0.461477
-0.361299
1.35112
0.410821
-0.859877
-0.026139
-0.437054
-0.964284
-2.94255
-0.346171
-1.78735
1.31234
-0.784605
-0.14236
-1.665
2.7368
1.42893
-0.18297
-1.25331
1.43466
0.22203
-0.269686
-0.646903
1.0924
-2.30249
0.110238
-1.39719
-0.472623
-0.24947
-1.81721
-2.33855
-0.041316
1.5049
-2.53959
1.2017
0.227315
0.362413
-1.60774
-0.393781
0.008397
0.697464
1.42485
-2.18105
-0.51381
0.721802
-0.453279
1.06737
-1.47415
0.596176
1.79522
-1.46909
-0.402174
0.549787
-1.00855
0.040849
0.368416
1.38155
0.604506
-1.07809
-1.96119
0.556148
-1.27674
-0.491448
0.88699
0.43486
-1.27938
-1.69889
0.90877
-0.799341
1.50106
-1.91768
-0.765027
-3.20013
-1.34447
2.6174
2.75181
1.23959
1.11147
-1.08473
-0.166655
-1.40743
0.627692
0.882626
-0.286882
-0.104167
-0.997726
1.40243
1.39919
0.48231
1.29809
-1.22318
2.36427
-2.8549
0.064749
2.06928
-0.377627
0.087382
-0.35924
0.168266
1.56077
-0.28895
0.392714
0.578552
-1.13148
-0.737202
-1.71578
-2.02879
0.350535
1.09743
-1.13067
-2.21092
-1.46577
-2.51945
-2.49938
-0.133047
-1.53958
0.70817
0.110735
-0.631645
1.24599
-1.06425
-0.352284
-0.54945
1.40103
1.44965
-2.36437
-0.840236
-1.9629
0.325502
-1.4067
1.2988
0.16692
-0.714432
0.565946
0.309843
1.84387
0.494653
1.56051
2.54162
-0.53391
0.757794
-2.40439
2.17832
-1.31334
1.42949
-0.349394
0.295562
2.49311
-1.16288
0.084649
-1.46825
-0.870403
1.98538
-0.231831
0.677602
0.32468
-0.725862
-2.62889
0.317867
-2.05876
3.4002
-1.94719
-1.41267
1.24787
-1.53872
-1.43464
0.256363
1.68313
-2.19634
-2.30308
-1.84304
-0.02206
1.56791
1.23769
0.17812
0.112645
1.35528
-0.605094
0.171159
-1.36515
-1.18467
-0.304299
1.88392
-1.21249
-2.3839
-0.723661
0.438365
-0.568633
0.242019
1.94707
-0.928563
-0.482795
-0.351677
1.15132
-0.29872
-1.32801
-1.66634
-2.85735
-0.057386
1.53464
-2.01208
-1.73582
-0.230216
-0.098545
0.659645
0.216186
1.47912
0.047459
-0.539463
-3.39295
-1.3768
1.57224
-0.209435
1.4334
-2.21349
2.75429
-0.04897
0.725265
1.11722
-0.143207
-2.5228
-1.46661
-0.330153
-2.29443
-0.605768
-1.13521
-0.159638
-1.43441
-0.594904
-1.03424
1.59276
-0.45259
-0.581515
-1.09212
-1.00344
-0.29163
-0.717359
-1.49839
-0.002585
0.850187
-1.7558
-0.307912
0.926466
-1.08575
-0.463977
1.4641
0.465079
0.4376
0.643645
0.32253
-0.793486
-0.929671
0.667021
-0.747245
-0.598737
1.57128
1.27248
-0.0111422
1.97295
-0.105788
-0.278786
-3.38788
0.547305
-1.54974
-1.35568
0.765881
-0.278773
0.498351
-0.23838
0.598256
0.229814
-0.028368
-0.595646
0.955663
0.54632
0.120837
-1.44321
-2.00316
-0.043699
-1.12771
-1.54358
0.55229
-1.58605
0.150671
-2.2151
0.852292
-0.00665
-0.555729
-1.49896
0.550158
-1.56675
0.953588
0.024844
-0.406555
-0.273601
-0.906424
-2.13951
0.160149
1.5601
-2.07035
-2.32311
1.71845
4.57657
0.856035
-0.724244
-0.133048
-0.646916
-0.050108
-1.57354
-0.081827
1.36865
0.78175
1.30171
-0.658606
-0.726724
2.13374
0.172235
0.567518
0.021789
-3.09836
-1.71043
-0.748063
-2.1763
-0.822995
-1.94487
0.29668
0.198771
-1.98286
-2.53657
-0.326875
2.86899
0.48724
-1.47871
-0.29037
1.07123
1.49184
0.925402
1.15214
1.1371
-0.750812
-2.16175
-1.59714
-0.65908
0.28033
-1.23879
0.089009
0.39444
0.813434
2.44595
-0.602068
1.23137
-1.92496
0.076007
-0.217252
-2.26775
4.45345
-0.893743
0.742932
-2.4239
-0.602823
0.350455
0.566583
-2.9018
-0.284418
-2.98081
-0.692581
-0.645784
0.141943
-0.317446
-0.6803
-1.38917
-0.141915
-1.39742
1.09812
-1.00483
-1.88997
1.76909
-0.200241
0.090592
0.907646
-0.2522
1.15348
-0.646197
0.576307
0.027682
1.57188
-1.453
-0.976919
-1.19964
-0.469239
-1.9097
-0.119963
-1.37208
-1.76007
2.72506
0.461267
1.4438
-1.21068
1.90502
1.46882
0.229771
-0.640395
-0.050416
-0.143072
-0.080273
-0.500459
0.307597
-0.523665
2.06496
0.927775
0.342973
1.41205
-1.17059
0.106416
2.43812
2.30635
-0.253132
-0.236111
1.27974
1.62508
0.568194
-1.29592
-3.07533
0.0472
-0.167608
1.48896
1.94114
-0.061381
3.19577
2.57318
-1.3873
-0.648896
-2.2787
-0.317087
0.031455
-3.20699
-1.19729
0.071687
1.34364
-0.790026
-1.23983
0.540386
-0.671272
0.963273
-1.83151
-0.266905
0.929747
0.821198
0.444251
0.075572
-0.574343
0.149054
0.130518
0.600415
-1.83737
-0.955258
-0.315992
-0.450346
-2.76103
1.12749
0.428526
0.765886
0.109437
1.50161
0.724074
-1.60415
1.55846
0.043239
-0.554558
-0.969144
2.33987
-1.88921
1.1618
-0.921216
-0.24753
-1.27775
-0.91393
0.244628
2.66883
-2.6723
0.419055
-0.46281
1.52581
-0.689427
1.738
-0.460208
2.21518
0.111587
0.076408
0.601317
-1.05896
2.40671
-2.77951
-0.590857
-1.44671
-0.095259
-0.245147
2.80891
1.51749
3.66013
0.742296
0.494383
-0.891751
3.24031
0.495409
-1.13106
-0.286362
-0.189188
1.37147
-0.38467
1.26605
0.517716
-0.36391
2.38555
2.53692
-0.264839
0.449995
1.90946
-0.73985
-1.60864
0.371651
2.9762
2.30294
-0.141398
-1.20963
-3.87292
0.852762
-2.10802
0.430793
-1.46322
-2.85048
-0.956013
-1.57258
-0.590483
-1.47104
-2.50282
-0.206032
0.33577
0.202221
2.64471
3.16825
0.034821
2.8276
-1.56206
-1.63194
-0.697431
-0.344665
-1.14968
1.33857
-1.88665
0.39916
-2.01521
-1.89226
-1.53104
0.40317
-0.00769
-1.69511
-1.25139
-0.82871
0.466834
-0.817014
0.59826
0.82148
1.24205
1.78477
0.064174
1.26171
-0.551879
1.84764
-0.318984
0.906261
1.73201
-4.07908
0.00783
0.060224
0.0393381
-0.430297
0.769403
-1.95125
-0.237526
-1.79742
1.71012
-0.666125
0.995307
-0.203608
3.55004
-0.543292
0.292741
1.97015
0.104283
0.686582
-0.491249
0.042951
-0.01939
5.18414
-0.258464
0.176243
0.463927
-2.53371
-1.08808
2.04476
1.99488
-2.07678
0.37853
0.1227
-1.73693
-0.855187
-0.208678
-0.265844
0.696026
1.25602
-0.061262
0.414738
1.39545
-0.12656
2.70836
-0.412664
0.96731
-0.04918
-2.11025
-0.539052
-1.89315
0.028256
-1.01349
1.2625
-1.01973
0.211339
0.111542
0.49137
-1.03656
-0.559041
1.12453
-0.028833
-0.423388
1.14624
0.4142
-1.0902
-0.747354
0.10623
-1.98448
-0.313558
0.595171
1.45753
2.46133
0.503208
0.601205
-3.57405
0.45747
1.30154
0.188675
1.46182
1.28199
-0.465597
0.292498
-0.278687
0.15303
-1.38624
-2.14345
0.584306
-0.807733
-0.11559
1.33857
1.22906
-0.802525
0.291595
-2.40527
0.788388
-0.060477
1.04959
-1.10142
-0.450288
-0.616128
-0.117468
-1.04968
1.05048
0.160443
0.489314
-1.40282
-1.10869
1.98384
0.898909
-1.7394
-2.03267
0.641974
0.951719
2.25045
0.124636
-1.30336
-1.50397
1.03268
-0.552969
-1.69381
-0.673794
1.17047
0.068591
-1.73951
0.468016
3.09022
1.46908
-1.53743
-1.77081
-0.969895
1.94514
-1.49498
0.117651
-1.12002
-0.296752
2.31903
-0.593567
0.540856
-0.435563
-0.297094
1.47991
-0.09618
-0.16806
-0.840275
-1.97236
-2.61025
-1.58575
0.0403
-0.260283
-0.478634
-0.430315
1.32879
-1.41272
-0.138466
0.675488
-1.57758
0.661716
0.631269
1.26551
-0.656557
-0.459328
-0.564803
-1.54299
-0.576553
-1.97383
2.74364
0.335564
0.305447
-0.674826
-0.332425
-0.251278
-0.391968
-1.12759
0.132504
-1.62204
0.054427
-2.12922
1.44879
1.93892
-0.944283
0.059239
-0.645922
0.558873
2.38223
-0.260576
0.471118
0.836291
0.73858
-0.520092
-1.40705
-0.086928
1.05626
0.816884
1.78377
-2.1729
1.763
-0.228289
2.02651
1.47583
2.19939
1.85891
0.180185
-0.409559
-1.41528
0.272851
1.65565
-0.705299
-1.25906
1.39575
-1.63456
-0.414868
0.975478
-0.0013729
-0.1655
-0.83258
-1.10868
-1.736
0.521655
-1.75196
0.700316
1.6563
0.516096
-0.373673
0.429007
1.05804
-0.364551
-0.42352
0.416121
1.59635
-3.67499
-1.36113
0.633413
1.39718
0.586778
2.88266
-1.3544
-1.23191
1.38357
-2.20679
-2.35628
0.0441039
-2.84623
0.393506
1.48821
-1.18876
-0.672262
0.40629
-0.338325
-1.15217
-3.85993
-1.99367
0.223408
-2.17638
1.17372
-2.04918
-0.542524
-2.89809
1.04131
1.32954
-0.366929
1.0472
0.890872
-1.05371
-1.88652
-0.557766
-1.54767
-0.724402
-0.692565
0.234202
1.84985
-1.09312
-0.27387
0.441234
-1.4803
-1.15069
-0.439471
1.34043
2.73959
0.457544
0.46549
1.40136
-0.973633
-1.64323
1.23565
-1.13937
3.0266
2.34328
1.01764
0.491335
-0.531786
-0.864436
-0.0863
-2.22054
0.217658
1.3903
2.54134
2.50784
-0.493683
-1.46415
0.45224
-1.55796
2.03554
0.066777
1.78578
1.00081
0.071317
0.266896
-0.488533
1.42676
3.82166
0.645618
-4.34278
-0.44146
-0.57167
1.61605
1.37892
0.794739
0.998923
-1.30248
0.581593
2.46211
0.31481
0.601623
-0.815345
3.55171
0.02061
1.00639
2.04389
0.58156
-1.25765
0.221451
-2.10429
-0.277947
-0.488655
-0.402571
-1.90659
-0.29054
0.064685
-0.614563
-0.322275
-2.38972
-0.159633
-0.83112
-0.945998
-0.563812
1.38511
-1.74002
1.8585
-2.76229
-0.531236
1.15998
0.26316
-0.983318
-0.520394
-1.27395
-0.107804
2.34404
-0.834603
0.547803
-0.85545
-1.38583
0.807326
-0.841856
-0.820157
1.91457
0.518787
-2.29656
-0.763864
0.301261
1.56758
-1.64884
0.723413
1.87847
-1.57107
-1.73492
-0.181327
-0.294102
-0.54197
-1.50033
-1.50462
0.293523
2.55563
-0.248526
0.900755
1.23819
1.87061
-2.2156
-2.31887
-0.526189
-1.63344
0.297759
0.086329
-2.20893
-0.086522
-2.23444
-1.20368
2.45267
0.667723
-0.069241
-0.0730903
2.32095
-2.60343
1.40957
0.00199
2.64604
-1.26774
1.21529
-1.15635
-1.38097
-1.17209
-1.07416
0.531216
0.555118
2.70619
1.17427
1.72158
4.54438
-3.66555
1.43675
0.807932
0.50383
-1.72958
-0.311925
0.307435
0.100307
-0.618951
0.96536
-3.45585
-1.10413
-2.47212
0.737367
-0.81232
0.960612
1.0451
-0.0110814
2.26608
1.32291
-0.351987
-1.12237
-0.774744
-0.70154
0.16018
3.45891
0.028284
-0.276388
-0.15673
0.145195
0.189162
1.87574
-0.37679
-1.09703
-1.76785
0.781881
-1.34367
1.29284
-0.140984
-1.25228
-1.7321
-0.70098
0.561483
0.46513
0.823656
1.69019
1.15691
1.96613
0.00312
2.19279
-2.10073
-0.580979
0.133736
-0.0576
0.66538
-3.00338
3.36425
0.400794
0.970925
0.14397
-0.787942
-1.59102
0.149623
0.334716
-1.38137
0.118547
1.20617
0.817777
2.1231
0.566494
1.31817
1.4218
-0.260938
0.669172
-1.60559
-2.48245
-0.923992
2.48406
-0.343718
0.312724
3.93382
-1.90414
0.65414
-1.73321
-0.0938673
-2.32592
2.2289
0.462792
-0.082153
-0.632134
2.73771
2.47506
-2.5459
0.854648
0.116435
-1.48508
0.427173
2.10952
1.65809
0.3503
0.647832
1.61331
0.808666
0.791231
-0.287542
2.13756
0.39895
1.85815
-0.331702
0.604499
1.54332
-0.323093
-1.55942
-0.065126
1.53052
-1.34735
0.249604
1.66064
-0.11076
0.448771
3.21174
0.35946
1.4785
-3.24806
0.40487
-1.62461
-0.56755
-0.365343
-1.76468
2.74727
-1.13744
-1.52781
2.52724
0.165118
1.02236
-0.606843
-2.66066
-0.483357
1.62024
0.104741
1.23087
0.895773
-2.29762
0.508935
-0.26712
-2.56379
-3.816
-0.638417
-0.646065
2.14572
-2.81363
-2.30389
-2.74756
1.60341
-0.27628
-0.36194
4.28673
-0.513818
-1.61348
0.246922
-1.51714
0.432553
0.331945
0.699982
-1.16829
0.168987
0.700051
-2.4742
-0.935933
0.18321
0.925861
0.009239
-1.22036
-0.801056
2.6638
-0.447952
1.64115
-1.08249
-0.737277
-1.41718
-0.841387
0.146273
0.330074
1.04404
2.49441
0.984623
0.482698
0.511698
-1.73068
0.206509
-1.46329
0.183402
3.01971
-0.462951
0.620341
-0.6815
-0.143002
-1.1475
0.52236
-1.68029
0.236388
-0.595889
-0.74034
-0.133298
0.417336
-1.06065
-2.05051
0.994062
-0.240774
0.402193
1.33893
-1.00069
-0.595746
-0.252792
-0.162655
-0.15732
-1.22087
-0.843535
0.414062
-0.708617
0.890269
-0.502201
0.10444
0.982573
-1.59779
-1.62198
-1.77735
1.37823
-0.858969
0.939484
-1.35549
-2.14687
-2.75799
2.09177
-0.210298
1.94011
-2.03584
-0.154457
-0.30158
-0.37581
-2.04854
-1.8238
0.627367
1.34154
0.920898
-0.244263
0.087277
-1.30588
-0.850897
-1.74237
2.67234
0.729361
-1.46438
0.174653
1.08082
-3.19197
-2.07421
-1.31145
0.66134
-0.511772
-1.7066
-0.394224
0.171465
1.31547
-0.692837
0.620339
-1.12809
-1.25859
0.055374
-0.16691
-2.71208
-0.129353
-2.11934
0.870726
-0.151889
-1.51228
-1.65772
1.11452
-0.609887
-0.0774374
-2.01115
-0.806385
-1.06609
1.87755
0.0364779
0.590198
0.523217
-0.720346
0.331477
0.885934
1.62289
2.68395
-0.986178
1.29828
0.488857
0.838702
3.3747
-2.09738
1.10341
2.21547
-1.39844
-0.898098
0.347613
-2.58842
0.76812
3.23987
0.902868
0.379101
-2.37256
-1.77706
0.147953
-0.403203
-1.51345
0.4426
-1.59407
-0.467195
0.509906
-0.222077
0.817262
-2.72804
-1.78091
0.196584
-0.564992
0.051925
-0.107668
-1.24731
2.22796
0.15686
-0.699073
0.764348
0.088833
-0.773079
-0.466565
-1.0176
-1.35782
0.60417
-0.862385
1.33576
-2.55104
-2.26061
0.585719
-2.18377
0.094909
0.305894
0.393506
-0.591007
-0.26828
0.928006
0.723794
-0.907132
3.80124
-2.23199
0.887785
0.88112
1.17249
0.032435
-0.45014
3.39941
0.764958
-1.58608
0.064932
0.577545
-1.60583
-0.621118
0.216939
-0.263645
-1.79598
-1.81747
0.0928399
2.38958
-1.10427
1.31398
-0.192486
1.04097
-2.16793
-2.64327
-0.12953
0.999493
-0.07497
0.465468
0.558439
0.919502
-0.0273
-1.27596
-1.15451
-2.14383
1.524
0.816088
3.38688
-4.16493
0.282385
-0.958857
-0.218133
1.92997
-2.04753
-1.52166
0.759306
-0.4379
-1.93856
-1.45925
0.078341
-2.90309
-1.0753
0.518161
0.111138
-0.171494
-0.294406
-0.951007
-1.90973
-1.64457
-1.48908
2.09347
-0.472032
1.74697
-0.637096
1.16857
-2.22216
1.19749
-2.32916
1.93249
3.93983
-0.739719
-2.15968
0.262032
-0.797761
-1.12903
1.9531
0.427423
-0.014219
-0.796761
0.176322
1.07922
-1.91176
1.3267
1.72901
-1.29204
1.26559
-1.38012
-0.323256
-0.814389
-0.678824
0.3469
2.50097
-0.394848
-0.980203
0.314478
-0.025907
0.67023
-0.843665
1.83416
-2.63564
0.130573
1.39363
0.847111
1.12641
-0.533179
2.35138
2.88681
0.985174
-1.72538
-0.269085
1.97936
1.84795
-0.76585
2.64978
-0.03423
0.026285
0.792973
2.33458
-0.631548
1.69665
-1.03873
-0.642147
0.856414
0.760414
-1.03231
-0.63033
0.567032
-1.1907
-0.45937
-0.191034
-2.28186
2.56726
1.58363
0.297014
-2.1864
0.045474
-0.338128
0.695906
2.42714
0.613727
-0.678725
0.702253
1.33089
-1.35077
-2.33087
-1.81553
-0.159134
2.30016
0.124427
0.59212
2.21496
-1.4033
-1.75214
0.998039
0.997784
-0.132062
-0.720801
2.66292
-3.64522
-0.107536
0.54476
-0.547883
-0.0419
0.232895
-1.13831
-0.177437
0.552793
2.02463
1.75554
0.692391
-0.21947
-0.746813
-0.10879
3.57206
-0.801569
-0.681507
-0.094489
-1.74135
0.63249
0.369587
-0.495761
0.295419
-1.85653
1.69707
2.99323
0.118288
1.35446
1.64274
0.202704
1.54506
0.882244
1.4152
-2.31105
-1.1549
-1.94711
-0.220485
1.07989
2.78389
0.643711
-0.662417
-0.054781
0.719832
0.067103
0.707649
-1.05808
-0.249248
-2.37188
0.369359
-1.15807
1.75056
1.13563
-0.713585
-1.32867
0.494976
1.0203
-1.20637
0.688203
-1.42718
-0.08288
-0.857318
0.864671
1.36324
1.26974
-1.40742
-1.43836
-0.60907
2.29228
-0.323666
-0.26623
-3.04913
0.398342
-2.4438
1.5772
-1.83056
-0.43638
0.84465
0.465787
0.664725
0.770336
-1.76315
-1.82398
-0.851733
-0.4549
-1.1441
0.48547
-0.303909
1.06633
-1.46967
-1.27329
-1.66408
-1.47143
-3.12662
1.16333
0.577298
1.31597
-2.27837
-0.897882
0.610573
1.58066
-1.8576
-0.756109
-1.02855
-1.06341
1.69947
1.91642
-2.17494
1.07673
-1.40485
-0.428421
-0.957023
-0.081578
-0.438086
1.5028
-1.52641
0.567921
2.36775
-1.79356
-1.39621
-0.400216
-0.24199
2.109
2.08266
0.32449
-1.21069
2.01332
-0.515383
0.079713
0.137328
-2.82306
2.81771
1.50149
1.88592
0.534302
0.03466
1.16986
0.646284
-0.345512
2.21265
0.488873
-2.00581
0.436272
1.29892
1.10467
0.377514
-0.30219
-0.380386
0.234177
2.02551
-0.272219
1.07168
-1.88259
-1.612
-1.04989
-1.6008
-0.24567
0.369217
2.6515
1.40441
-1.88992
-1.08759
-0.512806
1.08244
0.88238
0.212025
-1.84369
-1.27404
0.724447
-2.0459
-2.20698
1.04695
-0.695724
-0.23066
-2.17773
-1.11403
0.657269
-1.91641
-0.756205
0.681944
0.690961
-1.59425
1.25973
-2.94805
1.88913
0.852369
-3.26515
-1.03342
-0.425695
1.42463
-1.05793
1.37111
-0.231954
2.93028
-0.09623
1.81741
1.48029
-0.680322
0.008643
3.12296
1.85882
-0.09081
1.45577
-1.00657
2.48587
1.67967
-0.847445
-1.33824
3.15076
-0.44841
0.188117
-3.85032
-0.316718
-0.088509
-0.965907
0.841592
-2.03373
-0.665758
0.086479
0.132478
-0.51573
1.16531
0.546768
-0.692058
1.13158
0.940557
1.67468
-1.21686
0.261342
1.26619
-0.339618
0.344539
1.93843
-1.922
-1.62898
-0.463329
1.06059
-0.801692
1.56772
0.236189
0.090144
-0.48783
-0.97433
-1.35189
-1.0513
0.567577
0.209961
0.727724
0.51826
1.04017
-2.03155
3.18294
-0.985425
-1.64127
0.861509
1.32877
-0.632935
0.373762
-0.0623
0.840826
0.98266
1.47896
-0.76835
1.04367
0.887986
0.174607
-0.570432
1.02313
-1.90575
0.722855
0.04744
1.30897
-2.3693
1.04613
1.20308
-1.78304
3.30149
-0.868621
1.82683
-0.187299
0.21425
-2.521
1.70529
-2.13417
-0.005772
-2.07786
-1.2747
1.48311
-0.806574
-1.22442
-1.84654
-1.86888
0.76948
0.408654
1.42485
-2.15521
-0.11969
0.542098
2.08166
-3.10932
-1.22778
2.31346
-1.16898
-1.24056
-0.491591
-2.35295
0.424171
0.439228
0.558429
-0.048598
-1.47847
0.290125
-0.468778
-2.69265
0.590118
-1.72357
-0.535619
-1.16864
0.376788
0.503696
0.208904
0.544816
-1.29538
0.48219
2.3543
0.281097
-0.946603
-2.11248
1.70123
-0.01445
-0.180105
-0.405031
3.07824
-0.682855
0.885437
-0.05594
-1.69934
-0.139247
-0.18122
0.743124
2.22325
1.01912
-0.787928
0.035826
1.78495
-0.185638
0.026251
-1.24917
0.144099
-1.03719
-0.41289
1.18608
-1.64316
2.50993
-0.524998
-0.66996
2.51369
-0.697237
2.11418
1.32269
-0.0312789
2.07336
-0.189537
-1.62968
0.905646
-0.298
0.231897
0.090859
1.47381
-1.52052
-1.05485
-0.40161
-0.17612
0.62174
0.223383
-2.07553
0.371723
-1.10058
0.999165
-0.833462
0.748354
-0.21503
0.27378
0.643262
2.78712
1.7686
1.28583
-0.213059
0.552583
-0.17516
-0.11302
-1.39882
-0.276372
-2.53906
0.924521
0.516571
-0.406956
-0.692428
-0.427163
0.997547
-0.111195
1.61071
-2.68516
-0.06531
-0.696685
-0.552429
-1.07129
-0.753359
-0.137573
0.579902
0.839589
-1.28345
-1.26931
0.91095
-0.113702
-2.61734
1.07492
-0.513498
-0.810179
0.368363
-0.280743
0.398252
0.610115
2.81751
0.973523
0.034966
2.43381
2.06046
-0.990654
-0.978864
-0.45727
0.02114
-0.70386
1.56371
3.34684
-0.00843
-0.735945
0.72422
-1.25763
0.20845
-1.07174
-0.4173
-0.754283
0.581263
1.30386
-1.18964
1.12895
-0.26157
1.61488
0.650133
-1.41736
-0.017182
-1.43372
-0.338993
-0.07438
0.510154
0.861993
2.99938
-0.38379
2.60265
0.840176
-2.35349
-1.95225
-1.17246
-0.61655
-0.913275
-0.141367
1.94402
1.82864
-1.40612
2.14904
1.53715
1.50698
2.20441
-0.014177
-0.520342
1.66634
0.69722
-1.46585
1.42585
-1.00461
1.21509
-2.03938
3.46426
0.174899
2.0268
0.905868
-0.6534
-0.30351
0.641411
1.06741
-0.721016
0.47586
0.57899
-0.713554
0.202832
-0.577866
-0.421657
-1.8805
2.6835
-1.41825
0.967256
0.544289
0.533507
-1.03773
-2.58473
-0.766041
0.2597
-0.345422
1.52803
-1.35649
-2.48702
1.19647
-0.612246
2.13731
-2.36633
-0.0556893
-1.17398
-0.458209
-1.92515
0.019227
0.571329
-0.351753
-0.919693
0.932679
0.446791
-0.334861
-0.37962
-2.40519
-0.35264
-1.04887
-1.18088
0.71471
0.588551
-1.52249
-1.42909
-1.78419
1.24753
-2.53772
0.526781
0.247289
1.63646
0.26235
-0.232055
-0.682531
1.02029
1.11422
-0.442046
-1.44239
1.0772
-2.22714
1.74807
-0.182761
0.820096
1.82422
-0.971616
-0.327162
3.0204
1.44869
0.364583
3.78728
-0.149839
-2.49945
-1.789
-0.803411
0.592077
-1.47098
-1.04202
1.10566
-0.418997
0.362235
-0.26012
0.67942
-1.20217
0.869873
1.47611
0.243759
-1.19805
-0.999584
2.36224
0.368986
-0.839147
-0.305839
-0.126455
0.528179
1.24451
-1.23153
1.66527
-0.291828
3.37234
1.12939
1.24914
-1.74962
-2.48728
0.54331
-0.992721
0.821295
-3.69966
0.925783
1.29201
-0.771653
0.991746
-0.661198
-0.176006
1.98737
0.512438
-2.11529
1.05039
-0.59087
1.54831
-0.608743
-0.518746
-0.385342
-4.10297
2.31222
-0.191995
-1.60834
-1.4849
-2.43164
0.388456
-4.69757
0.366957
-1.40883
1.73193
-0.495882
1.51223
-1.88866
0.175839
2.51395
-2.50102
-2.54988
-1.28369
2.81452
2.28669
0.961314
2.83758
0.498403
0.62597
-2.27344
-1.90109
-0.821914
2.78128
-0.405527
1.98406
2.17305
0.92392
1.93742
-2.35479
-0.72956
-1.4636
-0.474624
-2.32607
0.916674
2.08823
1.70885
1.96901
-1.25613
1.12556
-0.887202
-0.605959
-0.82081
-1.11397
1.49468
-0.35748
-0.415134
-3.66049
-2.44244
-0.459794
0.78735
-1.66739
3.36452
1.61018
-1.75904
-2.14443
2.20679
1.4827
0.866924
0.491979
2.9275
-0.352037
0.539211
-0.460155
1.37476
-2.35017
2.49467
-0.02218
0.002239
-2.15467
-1.71623
-0.831691
1.23832
0.116356
-0.296841
-1.47639
1.61721
0.828586
-0.031453
-1.62958
-0.379841
-1.51719
-2.40723
-0.388106
2.14641
-1.64341
-1.46749
-0.035265
1.34053
-0.40833
0.21248
0.78003
-0.635959
0.875748
-1.71278
2.55233
1.17675
0.872718
-2.32079
-1.58069
-0.56988
0.413897
1.16208
-0.784208
-0.206485
-0.687711
0.345233
0.063202
-0.406498
1.0236
-1.35175
0.189384
-0.666453
0.096614
-0.843505
1.58885
-0.050083
0.618122
-0.997795
-1.68909
-0.951094
2.89933
0.57791
0.729939
0.309712
1.12172
-0.851544
-0.109209
-1.50895
-1.67374
3.32069
-0.254641
3.48314
-2.43443
-0.049877
1.88649
1.70094
-0.331692
1.20907
1.13841
-2.82013
-0.759121
-1.58153
0.11997
-0.31182
-1.12875
-1.27153
1.27784
1.16988
-2.07329
-1.67878
1.40793
0.084389
2.38792
-1.76765
1.29573
-1.35278
-0.159605
0.328736
-0.827574
-1.98132
-0.412676
0.819461
0.521684
-0.01181
0.215042
-1.62416
0.834292
3.00081
2.11912
0.73002
0.595496
-1.31612
-1.67596
1.18619
-1.34876
0.560243
-2.6226
0.823097
-2.78144
-1.01298
-0.496323
2.49676
3.19171
1.89598
1.56995
2.34261
-1.18511
-0.423631
1.12877
-0.45088
-1.44735
-0.910367
-1.38412
0.53351
-3.48361
-1.35259
1.10669
-0.150598
1.66354
2.00413
1.00705
2.98328
1.22329
0.494772
0.253827
0.088498
3.34133
-0.205942
0.713333
0.554539
0.193413
-2.07224
3.27572
-0.9282
2.84914
1.5045
-1.54477
0.832467
-1.03173
1.87549
-1.03239
-1.3836
-0.343567
0.349917
0.502575
-0.817343
0.914759
-3.43886
0.408151
1.65309
1.07458
-1.30549
0.741577
-3.09955
-0.970519
0.016461
-2.26174
-1.43144
1.19145
1.32507
-2.09072
-1.12452
-1.60141
0.198741
1.91804
-0.392575
1.78362
-0.957069
0.113338
0.077991
2.14695
0.043513
0.715736
2.37678
1.21574
1.64806
-0.624904
1.67936
-1.35865
2.04971
-0.994623
-0.44308
2.24281
1.48425
0.574053
0.348434
-0.367782
0.695218
-0.041367
-1.0498
-0.467766
0.36182
1.19689
-1.50925
0.996946
0.626484
-3.2284
-0.30383
-1.67597
-1.71418
1.65598
0.939406
1.6935
1.22099
-1.44787
-0.709248
-2.69456
-2.46043
2.55435
-1.12101
0.232115
-0.264751
0.679404
-0.627701
-0.235768
-1.15374
-0.171232
-2.24251
-1.45489
1.18669
0.265098
-0.870142
-0.720087
1.48351
-0.249027
0.783641
0.14836
-0.721533
-0.261731
2.39638
0.25042
-1.65315
1.74439
1.79728
1.33985
1.06841
-0.230867
-0.076963
0.762764
-1.77286
-0.375595
-1.15466
2.65316
-0.265055
-0.442134
0.290168
3.08676
-1.22091
2.33138
-0.318428
1.35475
-1.47122
1.32734
-3.72557
-0.960087
-0.753846
2.29618
-1.48126
0.01565
-1.81553
-0.349326
-2.16458
0.409892
0.594678
-1.18894
-0.924032
1.34841
-1.0284
-1.236
-1.09055
0.446818
0.471385
1.35002
0.515408
-0.054016
0.671786
-0.166091
-0.02541
0.128677
-1.89583
2.82583
2.80878
2.51373
-0.37601
-0.379998
-1.17292
0.563039
0.672135
-0.926637
-1.09477
-0.199899
0.388254
-0.106407
0.161335
-2.15373
-0.601376
-0.150915
-1.91373
1.46679
2.07313
2.36623
-0.662147
2.76474
-1.17089
-2.86292
0.291731
1.28615
-1.71383
-4.52269
0.91168
-0.212113
1.10104
-1.96061
4.07421
-0.305417
-0.906846
2.85117
0.30269
2.31528
0.151945
1.10049
-0.731994
0.613849
0.0204524
-3.03171
0.117186
0.27912
0.609223
1.81208
1.63894
-2.65074
2.9316
-0.23657
0.18936
1.00658
-0.43625
0.645399
-0.412267
-1.57747
-0.507491
1.46086
-1.78527
-1.45884
0.846227
-0.127566
2.14925
-0.18649
0.125696
-1.18084
-4.90214
3.05651
0.723514
1.12641
-1.45506
0.308961
0.401378
2.43133
1.06775
-0.013642
2.01987
1.10039
-1.65363
-1.11706
-1.82328
1.03289
-1.4284
-0.45245
2.29306
0.70822
-0.581216
-1.57083
1.03012
-0.001966
0.428055
-0.404
0.09262
-0.836032
1.82245
1.39301
-0.654664
1.9691
-0.811892
-1.42964
-1.68499
2.82615
-1.40481
-0.818332
0.15544
1.07224
0.366058
1.42687
0.390915
-0.753861
1.00679
-0.658089
0.147946
-1.82587
0.418921
-0.255343
0.936475
-1.64912
0.610557
-0.0046
1.9676
-0.522684
1.32663
0.85616
0.09496
-0.125879
-0.369048
-0.709825
0.176599
-1.32262
0.71383
0.254069
0.393715
0.18332
0.039196
0.433663
1.97207
0.488948
-0.179908
-0.073398
1.21217
0.107907
-0.297563
-2.05399
-0.080946
-0.377395
0.278402
0.529855
0.301915
1.91102
-0.606919
-0.226406
0.892271
0.804374
0.545404
-0.059131
1.32236
0.881898
1.69795
0.114565
-1.33946
3.51324
1.36123
-1.2456
-3.24464
-0.172562
3.59298
-1.39128
2.64525
1.04041
0.656197
2.4862
1.77203
0.767864
-1.90581
-0.922302
0.107857
2.0818
1.53011
-0.616998
1.91173
0.284373
-1.87481
0.107158
0.487348
0.130819
-0.129646
-0.851873
-0.199092
2.05394
-2.03794
0.573282
0.867678
-0.89007
0.441697
1.92482
0.775307
-0.754446
1.24551
-2.61283
-1.18056
1.22785
-1.3193
0.753224
-0.477251
-0.761676
-1.65154
1.55253
1.15762
-0.59094
0.618366
1.51881
-0.684003
0.679494
0.511651
0.536274
0.22699
-1.04668
1.08582
-0.707167
0.489644
1.1752
-1.05225
-1.66183
-1.84119
-1.09306
-1.83753
0.237648
0.445331
1.5184
1.53904
-1.73868
1.51433
-0.193143
0.349494
0.709685
1.30032
0.463628
-0.85504
1.67772
-0.661521
0.588936
1.98777
-2.80571
-1.94552
2.51847
0.00952
-0.175952
1.67841
-0.257504
2.22804
0.28167
0.291327
0.487056
0.791885
-0.085437
-1.81734
0.87782
-0.429455
0.249077
-0.5922
-0.57047
-1.20621
-0.340705
-0.857709
-0.3441
0.2532
-0.773212
1.50832
1.89471
0.948381
0.133605
0.926542
-0.431941
1.35821
0.205004
-0.11064
0.042834
1.66405
2.24285
-0.648048
-0.175836
1.88669
0.415918
2.23939
0.055887
-1.31967
-1.30827
-0.992794
-1.67176
-1.45309
0.207495
2.04093
1.4782
1.2376
2.08357
2.32344
-0.928669
0.494857
1.53035
-0.96377
-0.185105
1.15775
-1.26376
-2.66048
1.17876
-1.32779
2.0516
-0.462004
-1.27355
0.455668
2.24259
-0.314072
0.6702
-0.729887
-0.493791
-0.600067
-0.01958
-0.310798
3.59475
-1.19282
1.52813
1.04481
-2.58601
2.08495
-0.846183
0.05282
0.781768
-2.26107
0.483625
0.688975
0.405176
-1.01496
-2.02698
-0.09637
-0.793801
-0.613791
-1.14318
0.161449
-0.706204
-2.72247
-1.43225
2.28599
-0.840637
1.67926
1.78983
1.90543
0.169788
3.20337
1.09066
1.90401
1.83032
-1.66122
0.758612
-1.32718
-3.43866
-1.3284
-1.25091
-1.25977
-1.66098
-1.36966
2.83632
0.92622
-0.276665
-0.271092
1.59081
-1.09348
-0.43579
0.137581
0.512616
-0.445183
1.36923
1.12614
-0.840938
-0.277036
-0.508195
-0.46062
0.012427
1.82944
-2.12385
-0.691951
1.36529
1.00744
1.58055
0.315098
-1.74138
-1.29873
3.68751
1.15318
-1.37145
2.50018
1.62696
-1.60634
-2.02458
0.31387
0.04804
-1.56997
-0.880793
0.219968
3.02589
-0.929774
-0.150475
1.60376
-0.370372
-1.56826
-0.304568
-1.21469
0.960969
0.89223
0.370921
0.005813
0.357865
-0.796996
-0.225981
-1.47335
-2.85794
1.66515
-0.935641
1.09623
-1.11126
-1.30091
-2.59779
-1.58881
0.717335
1.57505
1.99939
1.02951
0.525925
1.26067
-2.28702
-0.814982
-1.55271
-0.160797
0.806819
-0.37531
-0.08402
-1.9887
0.905117
-0.124061
0.873465
1.08367
0.23551
-0.695413
-0.572568
2.00303
1.36072
0.02606
0.56925
1.06111
0.71859
-1.91555
0.621315
-0.08742
1.50182
-0.47158
0.864394
-2.79087
-0.061464
-0.592102
-0.299821
2.19051
2.33596
-0.308792
-1.04488
-0.540824
-1.33572
0.477936
-0.448179
0.907129
0.263401
-0.943801
0.608657
-1.93478
0.483124
0.718129
-0.326837
-0.456413
0.174998
0.868749
1.93738
-0.269243
-1.09477
-0.917505
2.69554
0.368274
-1.5312
0.20608
-0.115726
-3.22222
-0.580965
-1.94725
0.301151
-2.71454
-3.47117
0.226822
-0.441198
0.821131
-0.35051
0.833403
1.59299
1.79597
-1.89376
0.58767
0.720434
2.88586
0.325974
-0.815585
0.781724
0.000132
-1.10196
0.97319
0.871467
2.18947
0.254975
-0.415894
-0.773368
1.20222
0.226902
-1.64261
3.63692
0.404384
0.775594
-0.221555
2.78166
-1.23034
0.804843
0.970664
-0.153882
0.493647
-0.068005
1.62778
0.69252
-1.43225
-2.26015
-1.64238
2.86134
-1.2324
0.708059
1.59755
-0.904482
2.26556
-0.534075
1.07996
0.446649
-1.83122
-0.39978
0.533914
-0.949482
0.587431
0.183456
1.5775
-2.02989
-0.952611
-1.07829
-1.89689
-1.57687
-0.556774
-0.655692
-2.40372
1.67804
-0.201999
-0.887435
0.375746
0.020966
1.10635
-1.32837
1.56857
1.30885
-0.066648
-0.213012
0.2449
-0.332329
0.25371
0.945292
0.544034
-2.29078
-2.23992
-1.48088
1.52646
-0.069957
-0.645268
-0.061543
-1.67343
-0.623347
1.87286
-0.341075
-0.341792
-0.077316
0.550838
-0.16507
2.96099
-2.72209
2.15608
0.821885
0.789465
0.904797
0.092989
-1.64427
0.010144
0.15794
1.78198
0.344128
-1.03122
-1.37062
-1.49515
0.601719
1.66079
-2.15644
-0.82758
1.2575
0.658404
-0.60769
-0.03127
0.363027
1.84505
-1.74812
1.92874
-1.8112
0.05993
1.79453
-0.168604
0.617251
1.3938
1.19912
1.22549
0.288164
-0.126153
-0.36496
0.252511
-0.174877
0.409897
0.861657
0.189454
-0.008893
1.22752
-0.252227
-2.02586
-0.839236
-1.25868
-0.755954
1.73239
-2.01156
-0.592481
0.828745
1.14018
-0.46972
-2.52179
-1.21963
0.236692
-0.422678
1.04831
1.335
0.846391
0.011853
0.412889
0.345397
-1.10542
0.508119
-0.257412
2.61853
-1.10574
-0.157889
-1.12976
3.33127
0.019841
-0.071915
1.9089
2.39182
0.337474
0.11761
-1.20358
-0.05826
0.99579
-1.56602
0.730391
-0.119277
0.350126
0.827973
0.818567
0.913546
0.544362
1.65276
-2.49617
-0.379943
0.015327
0.752372
-1.09779
0.635698
-3.27901
-0.941675
-0.142096
0.073487
-0.768584
-1.30445
-1.293
2.67782
1.43877
0.570019
2.17414
-0.77386
-1.24146
-1.06474
-1.36226
0.28859
-0.273742
-2.86557
-2.0263
-0.294963
-0.209713
0.785972
-0.36358
0.724561
-1.30097
1.13621
-0.0818904
0.997586
1.17639
1.12419
-1.19733
0.080287
0.231341
-2.27854
-2.38901
-0.16642
-0.251725
0.230749
-0.979313
-0.621816
0.530191
-0.558911
1.03805
-0.619694
2.08695
0.790184
0.301449
-1.16349
1.52822
-1.19277
-1.71755
3.2852
-2.02406
2.35007
1.44003
-0.797924
-0.292079
-1.7975
-0.495864
0.700196
0.586121
-0.246929
1.51222
0.06744
1.86968
1.07979
-1.14818
-2.95091
-1.23422
0.28468
0.09392
0.109885
-1.36005
-0.11744
0.882309
0.473734
1.23523
-1.91612
-1.25103
-0.42216
0.05352
0.099461
-0.12733
1.16957
-1.22851
-0.659858
0.354788
1.91166
-3.16534
-0.783562
0.989014
-0.065191
-2.92301
0.843747
-0.65572
1.75202
1.17878
2.53978
0.902825
0.80373
0.37978
-2.1862
-0.065765
-0.565616
-1.2939
0.749181
-1.66438
-0.193136
1.35468
-1.33821
-1.18854
0.481872
-0.749825
-0.583439
0.476615
0.787921
0.549388
1.9987
0.819873
-0.7786
-0.728347
-0.512292
0.632862
-0.479892
-2.62755
-1.67581
1.5744
0.41913
1.82742
3.17279
-2.34999
1.47195
2.37906
0.643152
-0.058987
-2.79555
1.59298
-0.176953
1.00323
-2.22389
2.03436
0.703717
-2.44513
1.65079
2.47551
0.014366
0.004069
-0.156877
-0.0746893
-0.94287
1.48655
-1.58693
-2.09658
1.1686
0.31399
1.26975
1.27827
-0.346857
-1.27481
-0.439612
0.934364
0.48539
1.09549
-0.868567
0.611894
0.500276
0.446078
-0.312193
1.7739
2.62822
1.26748
-1.25261
-0.717773
0.91208
0.51228
2.2128
-1.5904
-0.245261
-0.567522
0.82722
-0.422062
-1.3993
-0.120402
-0.91498
-1.69223
3.00308
0.061795
2.22097
0.40397
-2.82981
-1.02028
0.89614
0.560563
-1.72338
-0.436908
-2.50827
-0.26561
-2.20091
0.059085
-0.746175
0.05342
-0.67757
-1.7102
1.29363
-1.29806
-2.48281
0.394073
-2.34486
-1.7157
1.02379
-1.11956
0.649949
0.36943
-0.72882
-0.385152
1.20077
0.214535
1.51917
1.16637
-0.768741
1.96177
-0.108373
2.97676
1.43278
2.01873
1.36652
-0.443971
-2.25216
0.677292
0.175927
-0.009158
-0.252216
-0.053195
0.862492
-0.982706
0.900644
0.202334
1.67301
-1.72799
2.40353
-0.177605
-0.10403
-2.05021
2.96712
-1.27018
-0.802101
-0.266523
2.00486
0.156662
-0.291456
-4.70561
1.06862
1.22133
-1.958
-0.396295
0.881217
0.204635
0.734348
-0.632772
0.19347
-0.675291
-0.893034
0.080615
0.274209
1.94263
0.33018
-0.636973
-1.21576
2.02109
-2.27522
-2.56251
2.49128
-1.17513
-2.69283
-0.929812
0.431331
-0.551086
-0.146194
0.58896
-3.03078
-2.04738
1.20589
0.996752
-0.220808
-2.17239
1.33335
0.937379
-1.54639
-2.1262
0.814061
1.03648
1.20516
-0.39748
-2.14533
-0.514176
-2.21909
-0.186726
-0.852289
0.59509
-1.4008
0.873964
-0.962257
1.02535
-0.95341
-0.368188
-1.70467
-1.83488
0.90446
1.045
-0.125693
0.988374
0.52691
-0.843376
-0.66289
-1.19218
-1.3966
-1.29759
-1.84634
-0.91855
1.63473
1.23848
2.99643
1.90109
-0.73962
0.518289
-0.012571
-0.051765
-2.85855
0.30138
0.0413754
-1.15009
-0.732551
1.31637
-0.14223
0.44998
0.098426
2.58859
1.262
-0.93561
1.51006
2.58052
0.80349
0.234797
-0.469428
0.479824
2.98983
1.7296
1.22014
-0.206046
-0.415459
-0.193351
0.226626
-1.51237
-0.218968
-0.799466
0.120564
-0.474
-0.783901
2.45376
-1.43154
-0.539361
-1.88522
-0.046479
1.15709
-0.057657
-0.627062
1.6526
1.79097
0.22624
-1.36549
3.84079
-1.0829
0.927192
3.08908
2.19367
1.84397
-1.0233
2.99112
2.98582
-1.11412
-0.461777
1.10583
1.03487
0.050771
0.321785
-2.1954
0.157262
1.05397
-0.02333
-1.67648
-0.725643
3.14618
1.07645
0.659718
-0.601134
-0.275372
2.46706
-0.970865
-0.222045
-0.042003
2.42683
2.14282
-0.406351
-0.732324
0.304407
0.102967
-1.09471
-0.251144
0.308406
2.36255
-0.671765
-0.854277
-1.68361
-0.801316
-1.64434
1.14811
-0.423133
-0.944125
-0.641173
1.00838
-0.145015
-1.96324
1.96376
1.70008
0.407313
-0.086923
0.191942
-1.59128
-0.703637
-1.5679
0.269659
2.50749
-0.537439
-2.02148
-0.73281
0.146396
-0.14048
1.14266
-1.45137
-0.566519
-1.86022
-2.80357
1.30143
0.88714
-2.0859
-0.322043
-0.017953
0.51254
-0.785006
-1.96174
-0.37836
-1.26912
0.563437
2.35258
-1.43564
0.498251
-1.00236
-1.85965
0.224185
2.5026
-0.395406
-1.31952
0.837687
0.541126
-0.686276
-0.505397
-3.33208
-1.23029
1.52263
-0.208635
-0.30691
-0.390413
1.29083
-0.509508
-2.49457
0.989525
0.758113
0.012012
-3.27235
0.82912
2.02417
-2.67361
0.324779
0.062779
-0.05335
1.08287
-1.80523
0.145324
-1.6396
0.782369
-1.03897
-1.34592
-2.99552
1.89153
-0.23254
-0.512154
1.32944
-0.096348
-2.16978
0.808454
3.6898
0.635974
-0.209412
-0.770146
-1.3449
-0.197587
-1.75098
-0.881595
0.99596
1.26629
-1.1647
-3.26015
-2.23669
-1.49116
-0.06673
-1.37535
0.52483
0.455543
0.447823
-1.59898
1.5053
-0.0691
1.1089
4.23736
3.04734
-2.12969
-0.159256
0.021571
1.01368
1.32579
-2.13746
-0.926255
0.533048
1.96155
2.35544
0.481925
-0.859129
-0.669211
-0.634253
0.389733
-0.1089
0.112463
-0.650261
0.780489
1.73056
0.107333
-0.860357
-2.25593
1.20314
1.59524
2.27731
0.873649
0.618648
-0.252232
1.72054
-0.141103
1.16301
1.96449
-1.25023
0.390323
1.37908
0.187074
-1.09102
-1.57418
-2.59858
1.58226
-0.839918
-0.751316
2.46836
1.58212
-0.97983
1.7911
-0.0456936
0.932796
1.16238
0.23727
0.697615
0.58131
0.301785
0.979731
-0.939438
1.24073
0.563841
0.858306
0.0803294
-1.21192
-0.317567
-1.25312
0.842013
0.174615
-1.88741
1.01255
1.30478
-1.05375
1.41006
-1.72649
-2.54771
-1.37283
1.34847
0.991687
-2.31549
-0.386389
0.108343
-0.645003
-0.133531
0.45373
0.404766
0.428412
1.24878
1.92069
1.0764
-1.86446
1.27032
-0.073124
1.31282
2.06583
1.21701
-1.63231
1.26068
-0.47097
2.41873
2.24419
-1.40346
-2.64307
-2.7457
-1.29651
-1.07664
2.40746
0.24131
-0.792346
3.19063
0.783235
-0.188969
-2.10267
0.27345
-1.10326
-1.53756
1.49388
0.031331
-1.58906
-0.4218
-2.71435
1.65008
1.33543
0.31013
0.595636
1.70224
-0.495041
0.311496
0.511532
0.144511
-0.645472
-0.814986
2.76475
3.304
2.1989
0.624428
0.383967
-1.03051
1.35492
-0.089806
-1.46986
0.436176
-0.279359
-0.234149
1.67092
0.613373
-0.458295
-0.547069
1.09595
1.92036
0.036837
1.55211
-1.18587
-2.62093
2.32163
0.776151
-1.56743
-0.507999
-1.23242
-0.054312
1.83571
0.219971
0.610011
1.3073
-0.12893
-1.01166
-0.682546
0.238529
-1.48141
-0.750973
-0.413187
0.505632
-0.189187
1.68292
3.55522
2.01725
3.12193
0.387635
-1.13596
-0.52176
1.75684
0.406731
-0.121386
-2.68267
0.454468
0.568025
0.226819
2.49596
-0.12131
2.17047
0.0170542
0.330765
-1.62401
3.27689
0.436982
-1.99647
1.00282
0.382946
1.90719
-0.031491
-2.89623
2.33052
0.01525
-0.523273
-0.455375
-0.022044
2.02476
-0.553652
0.24779
2.52918
1.71049
3.46915
-0.98299
-2.35009
0.767169
-0.455259
2.81665
-0.0651942
-1.59016
0.075006
1.97149
0.67402
-0.470437
0.721102
-0.146082
1.34704
0.785521
-0.463595
0.717394
0.403094
-2.58914
0.35041
1.72508
-0.201391
-0.968882
0.012914
-1.70503
0.138783
-1.58846
-1.75509
0.359118
0.852528
0.916711
-0.108761
-1.00937
-0.166262
-0.619567
0.176705
-1.46289
1.37707
-1.55342
0.694984
-0.931346
-0.880759
0.149852
1.00658
-0.811863
-1.35366
0.000854
0.649807
-1.01521
-0.112589
-0.525618
-0.676029
0.222888
-0.389613
1.13635
-0.148239
0.773301
-0.32208
-0.677465
-0.196048
0.093275
-2.19197
1.04004
-2.69681
0.031055
-1.0877
0.61246
-2.34486
0.15365
-0.040078
0.769117
-0.657328
1.393
1.54029
0.243147
1.61401
0.937506
0.640612
2.718
1.29532
-0.220245
-1.00632
-3.07331
-4.48703
-1.80885
0.328685
-1.86549
-0.224097
0.58022
2.82484
0.518226
0.172185
-0.935716
1.41359
-0.831392
1.37447
0.349229
2.46211
0.276164
-0.422824
1.08563
0.503528
1.16859
-0.141785
-0.9431
-1.337
-0.474369
0.674998
0.084449
0.580204
0.705961
3.2395
0.5831
-1.09308
-1.68105
1.42034
-2.06983
0.28485
-0.433057
1.0612
-0.566121
3.36861
1.90647
-0.947982
1.08402
-0.129159
-1.36358
-1.06748
-2.02756
1.04748
1.38445
1.21856
-0.726195
0.571013
1.87081
-0.154184
2.17955
-0.23246
1.89568
1.97463
-1.27432
1.08126
-0.123405
0.355306
-2.29357
0.05436
-1.59345
2.28181
-1.16684
0.470176
-1.10458
0.673146
-1.31062
2.64978
-0.412448
-1.53148
4.25606
-1.53392
-0.759743
-0.323778
-1.58366
-1.45915
-2.33346
0.86795
-2.01156
-2.05202
0.410492
0.702135
1.77807
0.667519
0.522717
-1.74578
1.75192
-0.709501
1.10695
2.61135
0.05113
-1.90534
0.657431
-0.268671
0.29678
1.95741
0.935329
1.28401
-0.430547
-2.21313
-0.171454
-0.85806
-0.793227
-0.069401
1.97739
-0.318435
1.24254
-0.429916
1.29111
-0.237372
-1.31248
-1.05026
-0.665817
-0.51233
-1.06702
-0.531427
-0.879698
-0.979191
-1.51682
-0.044348
-0.568436
0.299834
1.92718
-0.536673
-1.30224
2.58834
0.198886
0.590426
1.01393
0.632909
0.560495
3.61806
-0.044712
0.186787
0.236964
0.146872
-1.32873
0.817212
-0.029611
-0.057651
0.13532
0.498791
3.03396
0.401323
0.217236
-1.63789
-2.28061
-0.07722
0.84772
-1.10739
0.560758
2.22917
-0.146941
-0.82787
1.01898
1.27217
-0.430223
-1.07526
0.628523
1.29024
-1.54638
1.22442
0.073178
-0.298215
-0.135247
0.326953
0.704313
2.44636
-0.992426
-0.248358
-1.71859
-2.53961
0.530222
0.793497
1.03355
-0.843725
-2.61098
1.11591
0.175342
1.15925
-1.46316
-0.26583
-2.17048
-0.350195
-0.288999
0.240444
-0.333827
-0.691697
-1.0056
0.42658
-2.12885
0.04542
1.23929
0.406769
2.16225
-0.699588
1.8413
-0.189706
-1.35124
-0.411597
0.500505
-0.397705
-0.233503
-0.937845
1.36177
-0.613414
0.440861
-0.242676
0.25251
-1.6462
-1.15545
-1.66545
-2.81609
0.530455
-1.28478
2.42976
-1.1925
1.05083
-2.39851
-1.4048
-2.84146
0.831772
-0.09758
-0.53027
-2.0975
0.283466
-0.977001
-0.703883
2.88536
0.425212
-1.73969
-1.04984
-1.69751
-0.028232
1.0296
-1.12538
-0.369849
-0.517138
0.196268
-1.43383
-0.72743
0.584031
-0.818851
-1.00704
-1.87579
-2.0207
-1.18897
-0.313087
-0.307918
0.272689
-2.20494
0.232912
-0.513325
0.724029
-2.44888
-0.975199
-1.55173
-0.051705
-0.349095
-0.693193
-2.6357
-0.645046
-0.33233
1.98447
2.56775
0.793947
-0.0553
-1.83894
0.937856
0.670648
1.32721
1.21528
0.524544
0.708241
-1.1676
-1.96804
-4.11269
0.236182
0.218617
-1.45518
0.877881
2.56326
-3.91785
-1.23713
0.302954
-0.390252
0.999849
-1.55023
-2.04102
-0.643442
-0.174285
-1.4158
-3.36185
-0.093878
1.9348
0.49388
0.371874
-0.0205948
1.27432
0.518418
-1.64356
0.553643
-1.24211
-0.68975
-0.976165
0.242539
-1.31737
0.123648
1.62734
-1.85026
-0.75975
0.965353
-0.582627
-1.93853
0.678085
0.902252
0.714922
2.68381
-0.297735
-2.43815
-0.300133
-0.208442
0.629069
0.15502
-0.04002
2.11958
0.434811
0.039092
-1.89649
0.835623
-2.14368
-0.30675
-0.754108
1.77908
-0.672236
-0.838709
0.49773
-0.42655
-0.710686
0.492402
1.13361
1.0342
-0.718799
1.14993
0.366292
-3.94772
-1.68341
-0.23113
-0.565403
1.43388
-0.178052
0.694406
1.46365
1.33174
-1.37661
-2.07472
1.47307
0.192
0.611695
0.127577
-1.84931
-0.583664
2.20949
-1.98989
0.165152
-0.256955
0.94566
0.248051
0.197351
0.758012
0.052597
-1.40001
-0.188864
0.451849
-1.09044
1.19013
0.418143
1.78308
-1.63672
1.009
-3.21099
1.59482
-1.41383
1.00058
-1.07301
-3.23382
-0.0688476
-0.892348
1.25851
-0.743608
-0.767558
0.709822
-0.23161
-0.813109
1.14376
-0.514911
-1.27414
-1.67588
0.259378
2.76368
-1.63183
-1.14211
-1.84659
0.935918
0.521724
-0.437355
-1.05441
0.273915
-2.1891
1.74166
1.22789
1.32783
-0.25297
-1.24275
0.354466
-1.17808
-1.76663
0.070066
-2.39341
0.118615
1.18335
-0.24749
-0.015893
0.807091
-1.00331
-1.26398
-0.326691
-1.54788
-0.193731
0.165607
1.34016
0.64533
1.04984
0.531248
-0.10726
-0.607617
-1.16163
-0.569417
2.85657
0.868552
2.64677
-1.5437
-0.175096
-0.072208
0.297581
-1.22122
-2.00537
-0.969902
-1.94808
0.507828
1.76909
2.01371
-0.729823
-0.057734
2.13768
1.04683
2.01705
-1.00946
0.949981
-0.453526
0.818279
-0.186678
-2.10788
-1.57516
1.83988
1.14397
0.097138
1.73442
1.92365
-1.27488
0.65744
0.423504
-0.347205
-0.124101
-0.425841
0.046439
0.535141
-0.518753
1.9509
0.810368
0.500578
1.64019
0.952569
0.621292
-1.91966
0.345505
0.15981
-1.21734
2.25617
1.04436
1.75454
-0.949775
0.908082
-1.08433
-0.936176
-2.59298
0.13686
-0.138906
0.830966
-0.393187
-1.24821
1.20073
0.113752
1.61676
0.429091
3.38251
0.270457
1.26891
0.005983
1.33055
1.39401
0.206136
1.2239
-1.73703
-1.03444
-2.5895
-0.37603
-0.794253
0.324325
-1.33657
-1.59556
-0.170473
2.11445
-1.11911
1.39995
1.76445
0.152795
1.33531
0.170482
1.01985
1.36701
-1.43229
-1.50707
-2.14476
-0.807328
-1.97991
-0.122519
-1.07538
-1.51559
0.192124
-1.38179
0.58928
0.723131
0.791779
-1.5677
-1.24509
-1.2074
-1.5438
0.0746339
-0.353955
4.59912
1.44289
-0.65897
-0.05238
-2.32983
0.562759
0.289246
-0.808317
2.36112
1.12392
0.293019
1.01369
-1.68454
-0.02572
-1.94534
0.265766
0.527003
1.03453
-0.604281
0.353296
-0.214247
0.36992
-3.23057
0.056245
-0.007176
1.99966
1.71863
1.15936
-1.22692
-0.0993
0.626604
-1.5351
-2.36838
-0.983766
-0.935717
-0.41488
-1.53053
-0.30873
-1.38134
2.12002
-1.1186
1.49189
-2.00789
1.30147
-1.67468
1.29215
-0.791051
-0.073115
3.2248
-0.11773
-2.1095
0.335341
-0.14426
-3.37884
-1.17779
1.12609
-1.70991
-1.30863
-0.465754
-1.28359
0.391497
0.638237
1.42799
1.83083
1.14898
-1.75923
-0.558472
-2.1354
0.224414
2.42797
1.88158
0.400554
2.02502
-0.917774
1.50108
-2.68363
0.0367006
1.01573
-0.205574
1.05073
0.257388
1.03571
-0.425445
-0.686427
-0.299982
-0.21815
0.969082
-1.33293
-1.59139
-0.68809
-1.63327
1.78737
0.987496
-0.0785463
-0.150592
1.7471
-0.02277
-0.305086
0.115753
-2.44058
-1.09657
0.42117
0.260244
1.31584
0.639197
1.10602
-1.36016
-0.3385
-1.9143
-0.435669
-0.486707
1.30133
0.341389
-0.2985
-0.632551
0.671724
-1.79328
0.552787
-1.18892
-0.1336
-0.427695
0.116712
-2.2569
0.03339
-1.61396
-1.97117
-0.009047
1.97667
-1.32056
1.53396
-1.01691
-0.846608
2.82681
0.148936
-2.61532
1.86222
-1.93391
0.783283
-1.41295
-0.831409
2.13302
-0.497474
-0.229217
-0.50767
1.8634
2.93158
-1.40949
-0.683631
-1.17508
0.882567
0.885448
0.950126
-1.7522
-2.0033
0.918816
0.898774
2.224
-0.076112
0.338703
-1.24053
-1.26142
-2.17047
-1.69431
0.255514
0.938829
-1.69754
0.77007
-2.42931
0.320731
0.25046
-3.15933
0.668578
-1.20187
-1.05413
1.28849
-1.86008
-0.04091
-0.46951
-2.65836
0.101388
-4.60979
-3.01879
-0.30206
1.65246
2.63273
1.24863
0.588788
-1.08105
0.745917
-1.17934
-1.04742
-1.35422
-3.40648
1.44474
-2.99509
-0.0871209
-0.779263
-0.397445
-0.48595
0.792533
-0.957169
0.774734
0.028389
2.28609
1.58733
-0.859788
0.379621
-0.748702
0.330762
0.859136
-4.15135
-0.811718
-0.864475
0.809851
0.181751
-0.56325
0.174254
1.00158
-1.69153
-2.05384
-2.71498
-0.878553
1.50748
-0.834935
0.036619
1.21536
-0.3387
-2.04531
-0.822256
1.57329
0.06422
-0.550461
-2.09316
1.27274
1.00482
1.61717
1.64223
-0.883542
0.059666
0.865003
1.52074
1.66413
-0.51235
1.95882
3.16323
-0.609287
-0.538091
4.14393
0.561192
-0.17742
-1.93089
2.89403
0.418383
0.662601
1.44495
-0.306724
-0.966007
1.71515
-0.235632
-2.13195
3.88592
-1.51514
1.51088
0.485187
-0.945511
1.22359
-1.84034
0.82054
1.2771
1.03699
2.2009
-0.28194
0.971044
0.878377
-0.892633
0.985659
-4.42342
1.94148
-1.58735
-1.63413
1.56788
2.26139
-0.205481
-1.90085
2.815
-0.354143
-2.05972
-0.524829
1.26196
-1.11911
-2.52188
-2.26436
-0.321199
0.302588
1.84471
0.911312
0.0761
0.893093
1.47685
0.469535
-1.47283
-1.28224
-1.8007
-0.772329
-1.98616
0.454469
-0.891302
0.914621
1.58
1.58952
0.314948
0.84982
-1.70241
1.69183
0.65477
-1.2891
-0.906729
-1.09283
1.36819
0.312582
-0.227922
0.081042
0.708061
0.121057
0.480437
-0.57795
-0.962802
0.812382
-0.864021
-0.400496
-0.300695
-1.83951
3.40348
1.60592
1.41607
0.367758
-1.18736
-0.624528
-0.905716
-0.715243
3.09204
-0.01123
2.4297
-0.178506
-0.455783
1.20975
-1.48692
1.42964
-2.56976
1.86801
0.543024
0.681153
0.991081
-0.35015
-2.4706
-1.49834
-0.927557
-0.784815
-2.49393
-0.690181
-1.29105
1.33854
0.086455
-0.598456
0.581442
2.03929
1.39989
1.02393
-1.84838
1.28045
0.326758
0.54522
2.50142
2.61776
-1.91912
-0.153865
0.857759
-0.44204
-0.397015
-0.531415
-1.0786
-0.545977
-1.10383
-1.64666
0.803545
0.491334
1.96142
1.70517
-1.95178
-0.07508
-3.72516
-0.649422
-2.25758
-0.871856
-1.13419
-0.715303
1.64502
-1.10161
1.77549
0.401101
1.19332
0.384752
0.491141
-2.51081
-2.10845
-0.494383
-1.56579
-0.760741
0.206395
3.03805
0.602971
-0.930965
2.30377
-4.0539
1.27193
-0.008172
0.584773
-1.65786
-0.448021
3.04004
0.792624
0.540544
1.14707
-0.947377
0.663584
-0.624154
-1.97642
-2.08603
0.595534
-0.530754
-0.996765
-0.858724
1.30988
0.172249
0.869945
-2.14432
-1.24291
0.150812
1.79701
0.718821
0.899876
-1.58403
-0.854503
-0.77411
0.445798
2.262
1.04793
1.23093
-0.037539
1.32297
-2.52519
1.16058
1.66184
-1.28207
-0.457497
-1.06527
-0.56714
0.799268
2.6745
-2.35557
-1.77005
-0.351388
0.0571443
0.37923
2.70777
1.11362
-0.211932
-0.666022
0.600391
-1.85012
0.372734
-1.22633
0.73794
0.635297
0.221907
1.46276
-1.29417
-0.256229
1.97547
-0.489458
1.21836
-0.370483
-1.10757
-0.617839
-1.19538
-1.62373
0.037027
0.975401
0.966467
-0.491744
0.544965
-2.22129
-1.30087
0.619319
1.71263
0.945249
0.33306
-0.275963
0.487673
0.134075
2.03254
1.15457
3.6268
1.60396
2.93627
0.24075
-1.01487
0.327883
-1.15958
0.141281
-1.43166
-0.746186
0.932347
-2.33883
-2.61833
-1.73429
-1.12488
0.528662
0.093153
1.87744
2.01731
-0.061383
-0.21873
-0.731023
2.21574
-2.76503
0.566187
-0.223675
1.32681
0.543652
-2.1154
0.835706
1.88967
1.23629
-0.595304
0.464101
1.96159
1.0739
2.06548
-0.74449
-0.731006
-1.36673
-0.93949
1.73222
-0.667574
2.02229
0.647083
2.12886
1.08717
1.20494
1.5549
-1.16167
-0.19219
0.284236
-0.944172
-3.21623
1.64461
0.601948
-0.371519
0.169987
-0.0726072
-1.01036
0.787739
-0.307982
-2.02076
-1.53309
-1.21864
0.716136
-0.73187
-0.36839
-3.10757
-1.44909
1.76291
-1.89752
0.186419
0.081616
-0.564428
0.364453
0.702079
-0.45862
2.29958
-1.11633
0.451646
-0.485961
-2.12815
2.62712
0.634723
-0.211477
-1.1133
1.11058
1.01391
-2.06858
0.579059
1.91147
0.204548
1.21047
0.808953
1.54084
-3.55922
-0.25335
0.45612
-2.27447
-1.56462
0.962963
1.25303
0.226434
1.75618
-1.49501
1.43672
3.18276
-0.7374
0.294196
0.299201
2.3236
1.38749
1.09989
-1.29732
-0.861802
-0.495122
-1.9565
0.150232
2.76238
2.02333
0.715351
-1.08692
-0.070867
-0.33309
3.09583
-2.14017
1.40201
0.371117
-0.792838
-0.589977
-2.7187
0.799719
0.372012
0.732089
-0.653049
0.226471
0.613758
1.22709
-1.77085
2.55016
2.09947
0.098438
0.29468
-0.34043
-0.179521
-1.61129
0.192313
-2.15749
-0.523797
-0.649402
-0.594903
-0.979975
-0.830205
-1.30054
1.95744
-1.31273
0.873651
-1.80888
0.681971
1.19199
-1.8596
1.89229
-2.12405
0.322659
-0.644297
1.16741
-1.04486
0.955931
0.0962182
-0.227827
1.0965
0.829883
0.23798
0.035266
3.75985
-0.327326
-1.60506
3.93109
1.27645
0.620104
-0.463581
-0.620785
-0.350956
1.71986
0.619213
1.60722
1.65787
0.632485
3.40211
-0.635369
-1.21175
-1.44276
0.530727
2.64442
-0.350992
0.833438
0.271895
-2.266
0.702741
1.51094
3.06658
-0.772328
0.368728
-1.9591
-0.38814
-0.936881
-0.214468
-0.327144
-0.493619
0.351553
-0.80857
0.660693
-0.654929
-0.260529
0.950682
0.061574
-0.276713
0.365508
-1.57103
-0.60088
0.625991
2.99367
1.12103
-1.07728
-0.596078
-1.0089
-0.695742
1.03153
-0.216251
-2.30219
-1.34664
1.41855
0.019643
-0.298717
-1.44044
0.255228
0.137843
-1.29923
2.16428
2.13112
2.30366
2.6082
-2.1196
-0.257706
2.11058
1.50253
0.387955
-2.40313
-1.29328
-1.11006
0.621609
2.90671
-1.04813
0.305982
2.46769
-0.993119
-0.086368
1.03327
0.528401
1.50975
-0.335191
0.863843
1.75371
-1.2664
-0.277191
-0.032611
-1.32849
-0.899058
-3.0291
-0.896886
2.45144
-0.622019
-2.35506
-1.49167
1.51683
-0.461677
-0.89622
1.44008
1.14684
-1.01999
-0.341114
-0.150258
0.190092
1.18081
0.865306
-0.722804
0.220949
-0.861297
2.13223
-1.48476
-0.049575
-1.94713
1.23137
0.886863
0.551347
1.13065
2.32731
2.72707
-1.56268
0.22781
-1.46604
-2.73694
2.85537
-0.6752
-0.024735
-0.18721
1.22524
-1.31289
-1.99522
-0.162128
-1.32104
2.22663
-0.468367
0.163406
1.21009
-0.87433
2.70724
-0.0534404
1.42034
0.171368
1.67998
-0.226035
-0.70667
0.393779
2.73419
-1.26667
1.59251
-0.732149
-0.262013
-0.892959
0.82235
-0.361266
-2.18486
1.53636
0.04328
-0.41377
-1.08838
-0.163279
1.19329
2.61366
0.105
-1.56824
0.826033
-3.56546
-2.69971
-2.31104
-1.28995
-0.276282
2.97521
1.68956
-1.42123
-0.902747
0.296071
0.933523
-0.995083
3.04504
1.61941
1.81231
-0.528896
-0.0099069
0.600417
-0.18195
0.272601
0.02752
-0.562501
-0.405592
-0.25221
-0.094048
-0.68016
0.494652
1.10776
-1.6814
-1.83674
0.585485
2.63691
-1.81856
-0.70861
-0.79353
2.96239
0.667217
-0.979036
-0.971187
-1.29189
0.873722
0.727355
-0.375233
0.314746
1.71439
-2.4074
0.596597
0.32212
1.48424
-0.173523
-0.124296
1.05734
0.10787
-1.0188
0.860915
1.01598
1.17937
-0.92236
2.0444
1.99492
1.62911
-0.673337
0.69081
1.74079
1.36385
-0.343825
1.23797
-1.92959
2.22344
0.911681
0.889048
0.610966
-3.45691
-1.85034
-1.60071
0.77296
-0.175564
0.867984
-0.576628
-1.06854
1.08623
-0.682285
-1.92786
0.266795
-1.30502
-0.649823
-0.251076
-0.506137
-1.33294
-0.38858
2.1413
1.98682
-0.728631
2.74054
-1.41223
2.56431
-1.06326
-0.325234
-0.872559
-0.889688
1.72321
0.583182
-0.307563
0.172697
-0.254927
1.71717
0.224353
0.506183
-2.1702
0.173411
0.291577
1.70102
1.07118
-2.88126
-1.87143
-2.35901
-1.00299
-1.8394
-1.6238
-0.665443
-1.81044
0.290599
0.049091
-2.88729
0.365075
-0.369006
-1.16949
-1.33587
-2.53372
1.56349
1.00176
-0.105001
0.45333
5.06431
-1.68612
-1.34044
-2.43573
0.198997
-2.45014
0.206438
-1.70278
-0.269047
-0.938946
-1.0307
1.26868
-1.20996
-0.35784
1.03865
-0.62527
0.802741
-1.60535
-0.0567719
1.04675
-0.812859
0.697207
1.25203
1.89864
0.916357
0.311753
-2.04557
0.1265
-1.64809
-0.314272
-1.51689
-0.30927
-0.83044
0.723555
0.42316
-1.03604
-2.9202
0.019083
0.8195
-1.83803
0.468339
-0.41778
-0.322183
-0.899303
2.54958
1.91707
0.472447
-2.1941
-0.334693
0.76725
0.544517
-3.19843
-1.2201
0.57573
-0.340183
0.904555
-1.58681
0.789298
0.617057
-2.04917
-0.474575
-1.57244
0.164472
-0.8768
-1.36388
0.631639
0.910514
-2.76025
3.09547
-1.11244
0.262782
-0.520699
-1.86904
0.19377
0.519843
0.844525
-0.29144
0.590478
0.123957
1.04149
0.693282
-2.37604
1.14975
0.60523
-1.29959
-0.068159
-0.153908
-0.667769
0.312245
-0.995077
-0.61113
2.08096
-1.82475
-0.283013
0.956965
0.416294
1.21385
-0.433952
0.390731
1.29515
0.284738
4.15669
2.71473
0.892891
3.45208
-1.58975
-1.37076
-0.143143
-1.71623
-0.555497
1.08629
2.75953
-0.831994
-1.5569
1.67471
-1.54484
0.607874
1.30895
1.88184
-0.468631
-2.35204
1.78267
0.582835
-0.996022
0.80188
-0.960501
0.609101
0.532108
2.96147
-0.571116
1.05569
0.843142
1.39457
0.12115
-0.170788
0.028931
-3.97789
-2.12117
-0.311637
-0.331797
0.050061
0.001627
-0.0229
-0.954289
-0.837863
1.25062
1.24526
0.272875
-0.869691
-2.69038
0.820283
0.22222
1.11962
0.71453
1.3925
2.21572
-3.0696
-1.23121
-1.20415
1.52636
-0.28073
0.65446
-1.5652
0.118545
2.11975
-0.008488
0.309937
1.76084
0.831938
1.45113
2.09839
0.358437
-3.64317
-0.34646
-1.70961
-0.125921
0.049218
-3.40619
0.836689
0.678414
0.21005
1.36991
-0.160149
0.701943
0.712697
-2.59157
0.617505
-1.39322
-3.06466
1.23559
-0.402714
-0.979986
0.269022
1.61244
0.171868
2.31478
-0.255555
-0.383753
1.07977
1.42522
-0.786536
0.517562
0.18827
0.326529
0.78579
0.44026
-0.70347
-1.83959
1.29113
1.61558
1.40899
0.931192
-0.537928
-1.51351
-2.2964
-2.44652
1.94588
-1.52389
-0.540417
0.598473
-1.1404
1.53969
-1.09078
-1.78329
0.941024
1.21577
2.30505
0.663342
-0.930372
0.081554
1.19036
-0.509117
0.663638
-0.110497
-1.47011
-1.54536
-0.708052
-0.948884
2.362
-1.68703
-1.75023
-1.23036
2.70697
-0.778181
-0.018213
-0.70454
0.606981
1.35214
-0.829679
-1.96765
-0.61289
-0.217316
1.32707
-1.09215
0.778935
-1.47347
-1.19348
-0.16056
-1.32338
0.125113
0.646018
1.08602
-2.3325
-2.19584
0.227869
0.759916
1.30136
-0.764444
-0.732984
0.255863
-2.46764
0.17186
0.65229
1.11292
1.7715
-0.734507
0.475901
0.298126
-0.78729
-1.22079
-1.11733
-0.657405
-0.178067
-1.0859
-0.33112
-1.44361
1.17343
-1.96063
2.66129
-2.41684
0.11039
0.713015
-0.841333
0.779064
3.45904
-0.32145
-1.38767
2.31629
-2.6658
1.55673
-0.495608
1.38971
-4.15772
1.07242
-0.587839
0.67897
-2.26878
0.382928
1.27106
1.36701
0.13344
-0.1451
-1.97772
1.46716
-1.0586
1.57803
0.614461
0.05557
-0.75466
-2.52209
0.770561
0.99474
-0.755343
1.38721
-0.010116
2.25462
1.17385
-2.87382
0.274801
1.58063
-1.38576
0.44394
2.01277
0.292053
1.67985
-1.3529
-1.70442
-0.026229
-0.190935
0.518
-2.04784
2.91936
1.34216
-0.282862
-0.577427
-0.389456
-0.298969
2.21733
1.94071
-2.41897
2.63571
0.646215
1.40683
-1.24494
-0.697038
2.21636
-0.638818
-0.910137
0.370785
-3.81817
0.36694
0.777448
-1.26557
1.94312
-2.10748
-2.0421
3.50357
2.30699
-0.030004
1.17005
-1.01236
-0.672355
1.17269
-1.68302
-0.113285
1.54235
1.66973
-0.581368
-1.47369
0.987467
-1.09711
0.755362
-1.1175
0.968345
1.2482
0.496863
1.16799
-1.03912
-2.67479
-0.236951
0.926421
0.31236
-0.809732
0.502357
-0.750395
3.66185
-2.88849
-2.58012
-2.54752
-0.275927
-3.03084
0.379164
-0.818668
1.67076
-0.803149
0.76569
-1.30805
2.03907
-1.06175
-1.63383
0.930482
2.63187
-0.007128
-0.543936
-1.10723
0.836272
-3.1803
-1.0132
-1.4299
-0.336894
0.237486
0.963381
-1.3772
-1.53786
-1.1778
-1.23295
-0.376773
1.11761
-0.116451
2.64266
1.44799
1.36098
0.838039
-1.15591
0.964217
-2.6664
0.323579
0.286698
1.01044
-0.843657
-1.55109
-0.937209
3.18373
-3.09156
-1.51789
-0.263201
2.28045
1.45541
1.19397
2.20754
0.340194
-1.02616
-0.097496
0.33569
-0.55879
2.32729
-0.708977
0.834436
-1.02426
-0.926457
1.95035
1.42571
-1.96617
-0.04677
-0.177391
0.213827
-0.53625
0.234001
-0.790166
-1.34031
-1.68192
-1.37967
-1.61749
1.60158
-0.821449
-0.884605
-0.261844
0.05892
-0.737723
2.24935
1.22764
1.77156
-0.963704
1.63036
-0.077446
0.453984
0.555406
-0.776605
1.07482
-0.230811
-0.331557
1.07985
-0.521406
1.77599
-2.40156
0.008809
-0.12072
-0.149168
0.880439
-1.30346
-1.29069
0.63348
1.98139
-0.648493
0.212437
1.06293
-1.02596
-0.660003
-0.172465
-2.50059
-1.8018
-1.77306
0.206553
0.335786
0.677602
-2.51747
0.276123
1.83744
-1.63901
-1.13651
0.657795
-0.807564
0.304595
0.819717
0.22661
-1.04967
-1.42397
-0.362036
-0.714694
-0.33995
0.580234
-0.760085
-0.442571
0.339433
-2.23294
-1.5158
0.534196
0.549861
-1.62504
0.697486
0.158059
-0.27632
0.232785
-0.633976
1.61004
1.27365
-0.985543
-1.95963
-3.69652
0.527048
-1.19902
-1.79332
0.421632
0.978921
-1.54349
1.50988
-1.14876
-0.798873
0.20602
0.990416
-2.00889
0.240385
2.08216
-0.626142
1.59752
-0.392192
1.18251
1.83369
1.31803
-0.0204393
-0.162569
1.86303
2.02985
-2.25798
-0.28403
0.51484
1.02384
-1.60765
1.93149
-0.755722
0.957779
1.3554
1.0516
0.56368
-0.555276
0.652141
1.01236
-0.337232
-0.254621
1.02995
0.045123
-0.975434
2.22665
0.63202
0.337954
-0.166881
-1.41827
-0.66042
-1.08938
-0.42942
-2.31896
-0.706025
-0.564879
0.172742
-3.41934
3.49323
-1.36145
2.89396
0.081825
-1.07796
1.54714
0.747799
2.23146
0.276701
-1.2488
-0.09842
1.12901
2.27169
2.16382
0.21664
1.68922
-1.55148
2.19703
-2.10032
3.04875
2.42606
0.357361
-1.89713
-0.873977
-1.8488
-0.20263
-0.125371
-0.839241
2.0404
2.42985
1.22064
0.690309
-3.42313
0.855902
-1.08989
-2.35142
-1.22569
-1.49212
2.23303
1.81828
0.075354
-0.522285
1.62172
0.44019
-2.01532
-0.972227
-1.38875
0.291048
-0.674276
1.12968
-0.495465
3.25664
-0.5404
-2.4246
-0.632263
1.79536
-0.865657
-0.077468
-1.70449
0.897296
2.78216
-3.69138
2.21168
0.811847
1.90836
-0.754132
0.456266
-0.361511
-0.963029
-2.92181
-1.49488
-0.294717
0.818885
2.1246
-0.110619
2.28917
0.550482
1.58993
1.52858
0.607618
0.314043
-0.278609
-0.625097
-1.19113
1.02998
1.08173
-0.816589
-1.87038
1.13112
-1.77431
2.02796
0.611239
2.44002
2.24774
1.79511
3.29102
-1.19304
1.8229
-0.789695
0.826019
-0.468705
-0.615409
1.94311
-1.27313
-1.35515
0.205821
0.457694
-1.50049
0.454759
0.65284
0.427322
-2.96169
0.280628
0.155121
0.904268
-0.563946
1.89721
-0.420294
1.65517
-0.796436
-2.54205
0.638394
1.44824
0.005838
-1.27904
1.48818
1.41219
1.18452
-0.211715
3.02071
0.225497
2.18946
1.12112
-2.04031
-1.05448
2.99581
-1.14601
1.21844
-1.17688
0.673777
-0.2055
0.544914
0.048153
-1.01795
-0.065197
0.162083
1.44319
-0.352733
-0.46206
2.51251
2.02573
1.02574
0.717813
0.670977
0.828097
0.42688
0.879157
-0.08227
-1.70519
-0.674555
-0.178895
-3.2887
0.901312
0.594748
1.65569
2.52652
-0.046618
-1.1055
0.688634
1.66588
-0.69065
-1.62097
0.401695
-2.26782
-1.28043
1.03029
1.91875
1.26691
0.988588
-1.07554
0.252708
-0.658799
1.98516
-1.68543
1.54747
-0.029823
-0.346988
-3.3327
0.665061
0.502766
-1.59079
-1.09472
-0.393345
-0.624595
1.89202
0.23967
1.23209
-1.27622
-1.41999
-1.38262
0.397477
0.361707
-0.729688
-1.77253
-2.0795
0.297336
1.90258
-1.44702
-0.510373
1.67879
-0.045932
-0.246172
-1.3695
-1.34947
-0.53351
-0.304223
1.28427
0.674293
1.76231
-0.590803
-0.389729
0.102328
0.055198
0.574774
0.581997
0.91527
1.62261
1.36838
0.360205
0.367125
1.06516
-0.827859
-1.36795
0.61954
-0.745073
1.73153
-1.27576
0.525596
-1.19431
0.600148
-1.2135
-0.822566
-0.1398
-2.35525
-1.22633
0.940505
-2.07314
0.0882571
0.495687
0.013135
-2.51248
0.669362
2.65861
-0.10001
3.06367
2.15683
0.0108021
0.337581
-1.09933
-1.06496
-0.876113
-2.19275
-1.11228
-0.727354
1.17929
-0.752334
-1.13292
-1.0612
1.59596
1.2852
1.18691
0.893536
-2.06011
-1.23907
-1.61015
-0.774663
-0.991463
0.657921
-0.251189
-1.077
3.86064
1.6188
-0.68021
-0.243935
-1.07785
1.75729
0.298292
1.34734
-0.138096
1.14902
-0.0068064
-2.00821
-1.22342
1.79705
1.70949
-0.361096
-1.10643
0.849143
-0.254712
0.401386
-0.352947
1.02339
-1.20804
-0.125537
1.23953
-1.77156
-1.16588
0.25451
0.01936
2.34783
-2.0026
2.02417
1.27478
0.135693
-0.03046
-0.046258
1.72566
0.053551
-0.522786
1.07817
-1.64313
-0.745491
2.14398
-0.512221
0.505922
0.449827
-0.559289
-0.778988
1.0325
-0.670494
-0.64806
-1.35874
-3.55201
1.94685
-1.61407
0.9818
0.212241
-0.870136
-0.354003
1.68249
-0.850449
-1.71612
-0.361306
0.140733
1.88737
-1.28419
-0.634247
-2.43956
2.16556
-1.22966
1.49606
-0.497939
2.98853
-0.944042
0.807927
-0.619901
-3.01986
2.13079
0.236126
-2.23565
-1.78004
-1.86817
-1.61771
0.48437
1.01781
-0.225751
-1.12204
-1.05731
-0.822028
1.59009
-1.58269
-0.136903
-0.073245
-1.19725
-2.07075
-1.47961
2.86893
-0.13208
-0.281141
-2.10337
0.409654
0.813181
1.59991
2.11794
-0.204563
-0.394703
-1.20698
-0.215559
2.15343
0.668168
-1.65741
-0.221809
-0.36564
1.58388
2.91642
-0.1144
-1.81275
-1.14258
-0.44758
-0.582134
-1.61351
-0.957164
-0.0716954
0.315452
-0.3147
-0.58783
-1.03635
-0.67589
-1.16212
-1.70954
0.198946
-0.597704
-0.167546
1.24517
1.30223
-0.28696
2.19713
-0.087966
0.758588
-1.22144
-0.077669
-1.04921
-1.87101
-0.082688
0.984114
-1.3857
-0.89381
-1.13882
1.12582
1.09423
-0.776909
-0.36227
1.43427
-0.456516
-0.399806
-0.790154
0.425194
0.611941
1.59778
0.483082
-0.737845
0.235498
0.812436
-0.545752
0.821658
-2.94801
2.32768
-0.29327
0.719541
-0.537
0.172831
1.35126
0.531921
0.822517
-0.175241
-1.53586
1.73876
-2.28502
0.352269
-3.8738
0.460032
-2.94984
-0.158917
-0.593795
-4.21326
0.679653
-3.23527
-0.977924
-1.19335
0.957804
-1.43676
-0.337023
-1.47693
-0.880916
0.117215
-2.14665
0.028176
-1.40823
0.438953
-1.15254
-0.96078
1.41247
-1.03918
-1.70394
-1.57698
1.06509
1.02822
-1.15944
0.119325
-0.310624
2.26442
-2.36519
0.465183
-0.782878
2.11351
-1.53006
0.028677
-0.602375
-1.34443
-1.08194
-0.90052
0.99729
2.04948
0.223424
-0.986303
1.41727
0.450716
-1.0144
0.980365
-0.482855
-1.0846
1.44065
-2.1246
0.939233
0.74782
-1.07382
2.84641
2.40928
1.37308
0.345349
1.12147
-1.39745
-1.53703
0.286331
0.0852989
-0.355033
0.139638
-0.094384
0.066004
-1.47715
0.504242
1.16368
-0.044668
0.185946
0.418294
1.21049
-2.24851
0.854249
0.03605
-0.927264
-0.0113069
0.634744
-1.33352
-0.152279
-0.309352
-0.121496
-0.067204
-1.56522
-0.757353
-1.97252
0.282261
0.172546
-0.426167
3.1292
-0.321069
1.54381
-2.53093
-0.02707
-1.33085
1.69419
-0.391773
-1.03824
-1.86201
2.97612
-0.837931
-1.56532
2.5891
1.99678
-0.331333
0.768951
1.4812
0.207226
-3.24117
-0.119465
0.69641
0.709606
-0.279521
-0.980562
-0.931098
-0.751451
-1.91568
-0.91668
2.75869
-0.127625
0.30218
-1.61674
-0.491733
0.03979
1.27293
-1.38448
0.036965
0.6566
0.516521
1.12504
1.49535
0.920915
0.318738
1.31118
0.271731
0.085341
0.82299
-0.877646
-2.97721
1.44379
-0.94294
-0.970339
1.02245
-0.825688
1.91005
-0.02593
2.89525
-2.62066
1.4868
0.855542
2.65416
-1.2989
0.626679
-0.933707
0.877709
-0.023922
-0.167039
1.78754
1.91483
-0.859032
1.02993
0.244702
2.00068
0.209586
-1.27147
-1.7382
-1.10348
1.88988
2.71035
1.73427
1.82693
-0.221455
-1.15675
-1.66817
-2.10339
-2.33394
-0.45874
-0.963332
-0.208427
1.69986
-0.273703
1.38044
-2.23094
-1.26772
0.759681
0.297643
0.456573
0.351737
-1.06452
-2.38318
2.07614
-1.44797
-1.73473
1.01433
1.11095
2.13905
-0.737966
0.864159
-1.44457
-4.17151
-1.77731
-0.677297
1.56041
-2.05254
2.95907
-1.57599
1.27793
-1.66602
1.16798
-3.66307
0.052675
3.32443
-1.0789
-0.088477
-1.75915
-2.89793
-1.28834
-0.326183
-0.971573
0.25125
1.70516
0.78569
0.952879
-0.018623
0.93278
0.727683
2.35999
-1.01635
0.786411
-2.40835
0.493907
0.446221
1.84489
-1.39128
0.511519
0.867824
0.447332
-0.868826
-0.599687
-0.750318
0.494771
-0.128071
1.34627
-0.288042
0.041467
0.969279
0.346749
-2.61245
1.54512
-1.8935
1.66971
0.601065
1.61199
-0.763234
-0.0881563
0.816039
-2.31735
0.19905
-0.9115
-1.3594
1.79987
-0.501062
1.81802
0.254473
-1.76966
0.345069
-0.432518
-0.537349
1.19801
0.120158
3.34114
-2.20966
2.28916
-0.564829
-0.0562264
-2.20895
2.14407
-0.22128
-0.053599
1.73721
2.23304
-1.09081
-1.0062
1.40391
-0.384056
1.18223
-1.07733
-0.12821
-0.433349
0.897672
-2.71818
0.16816
-2.24709
0.907992
1.98862
-0.448914
1.36962
0.134764
2.71679
3.11934
0.570487
1.30386
-0.041351
-0.368911
0.053186
0.103828
-0.199906
2.63572
-0.117024
-0.811091
-2.12613
0.946279
0.797287
-1.70921
0.4701
-0.833659
1.99244
-2.12758
0.009174
-1.94089
0.298275
-0.77598
-0.980641
-3.26166
-1.29191
-0.625071
1.66779
-0.742326
-0.948431
4.21075
2.16884
0.737757
0.242089
-1.14308
2.24695
1.00298
1.05687
0.081307
-2.82314
0.447826
0.444236
0.44444
-0.94811
-1.49213
0.799551
0.861082
-0.0175849
0.122118
0.25675
-0.195459
-1.44894
-1.62652
-0.80409
-1.22699
-1.5541
0.721018
-0.632594
-1.33777
-0.459546
0.243302
1.32509
1.23547
-1.03073
2.66532
-0.001044
0.538032
1.83886
0.16616
0.86547
-0.185093
-2.25646
2.23245
0.729694
-1.69354
0.468217
2.25931
1.32631
-0.046581
0.758052
-2.00041
0.335707
-1.33488
0.39296
-0.734047
2.53312
0.9743
0.660408
-2.08141
0.639341
-0.086469
0.012649
-2.17495
0.435326
-2.39954
-3.20856
-4.17242
-0.819208
-2.44929
-0.610595
0.029313
-0.387872
-0.910181
-0.306747
0.430654
-0.659916
1.12653
2.56006
-0.650591
1.12824
3.20728
-0.282659
-0.131512
-1.13472
-0.397534
0.825004
1.61211
1.25809
0.504961
2.44636
-0.333598
0.339797
0.591344
1.66641
0.021938
-1.09231
0.131571
2.32759
1.1862
0.11938
-1.6863
0.005699
1.10725
-1.10248
-0.504211
0.614716
1.08073
-1.6067
-1.51815
2.51779
0.0754
0.4289
1.07422
-1.48412
-0.496951
-1.15648
0.286237
0.520457
-0.01066
-1.81641
-0.657867
-1.00726
-0.715124
0.26898
-0.098474
-1.3625
0.827709
0.958776
1.77628
-0.41224
1.35822
1.91219
3.28423
-0.993365
-0.12538
-1.45053
1.55013
0.03377
2.55947
2.67131
0.588647
0.403961
0.0575271
1.69975
-0.604754
1.35988
1.17935
-1.88587
0.819779
1.06262
1.38123
-0.449932
0.856526
0.802603
0.682715
0.547617
-2.68192
0.887441
2.8651
0.245458
0.014194
1.8068
-1.21171
2.50177
0.31653
1.11147
0.582331
2.09847
0.157183
-0.491147
-1.38605
0.324332
-1.49
2.90798
-0.947265
-1.19498
0.922551
-3.49603
0.044958
-0.138013
0.18766
-0.0254955
0.760953
-1.09659
-0.591216
-2.27706
3.44751
0.012116
0.516997
0.25734
0.287762
-0.465891
-2.08625
-2.92849
0.516163
1.70505
1.45244
-0.896257
2.82797
1.56941
-0.077139
-0.705532
0.435579
0.803022
-1.24311
-0.589366
2.53236
-1.13059
1.26791
0.260539
0.326451
0.03771
-0.766626
-0.08896
-1.07737
0.321338
3.30048
0.503517
3.04965
1.40463
-0.0765517
1.26256
2.56786
3.39584
1.29815
-2.0958
-1.99378
-0.842233
-2.23011
2.10531
-0.001444
-1.79475
1.71693
-1.75074
2.14826
-1.32186
-1.01126
-0.326911
-0.4413
-0.10798
0.0509718
0.393703
-1.52234
-0.151925
-1.75015
-1.92739
-0.826566
1.05759
-1.37455
-0.050568
-0.583326
0.512478
0.919494
-0.060612
-1.79634
-0.829153
-0.569337
-1.93548
1.94601
0.302179
0.247555
-0.443978
-1.50702
-1.28829
-0.142967
0.738652
1.74385
-0.485439
0.056538
0.788119
1.80658
-2.5899
-0.644373
-2.35678
-1.56147
0.381616
-1.18917
1.70953
-1.26356
1.99269
-0.577267
-0.244401
-2.36761
0.997059
-0.163601
1.11108
0.414175
2.22136
-0.176292
-0.30005
1.54603
-0.20778
0.833866
-1.84589
-1.92949
0.731688
0.181596
0.972096
3.19393
1.41083
1.55861
0.871211
-0.563116
-0.202025
0.0202
-1.73203
0.305657
-1.58015
-0.209588
1.29012
-1.97756
-2.38362
-2.30865
0.576367
0.33153
-0.731341
-1.89031
-1.80701
0.057374
1.24776
0.772268
-1.38821
-1.87466
-1.59185
1.33571
2.02479
-0.816273
0.725075
-0.742233
2.08726
0.305578
0.757506
-0.565018
-1.33404
-0.401303
-2.02524
0.004223
-1.73716
0.260088
0.867008
0.624137
-0.831171
-0.590156
0.117841
-2.78043
-0.662184
-2.82624
-0.18245
1.17044
0.40145
1.99746
-0.932121
1.97315
-0.180725
-1.83717
0.830466
-0.429024
0.419056
0.177452
-0.193557
0.764136
1.02282
0.917795
-0.445906
-0.395326
-0.094756
0.85149
-0.753636
-1.20492
1.38481
-0.375955
1.29905
-0.79659
3.05442
2.91816
0.008617
-2.50196
-0.663016
1.29295
0.951888
0.774209
0.896475
0.599
0.434497
-1.14219
-2.61739
-0.0955761
2.57781
0.45661
-2.04397
-0.028271
1.83465
1.59246
0.774113
-1.40296
0.416298
-2.59806
-2.20928
-1.3977
2.71555
0.292414
-1.522
0.251878
-0.771616
0.929544
-0.672917
-0.682919
1.53547
2.37453
-0.486113
0.872707
-0.890575
-1.79168
0.700808
-2.62478
0.251904
1.7225
-2.45394
-1.48443
0.018682
0.039098
-1.85119
-0.193971
1.59193
-3.80767
2.3995
-1.48487
-0.12892
-0.19482
0.167107
-0.0274583
-0.157085
-1.34779
1.11677
-1.8143
-1.39495
-1.7123
-1.20236
-0.348074
0.371085
-1.76246
0.1747
0.26478
0.177401
-1.81155
0.856471
-1.14284
-0.318267
1.25149
1.11817
-0.551064
1.71507
1.31199
-2.0645
1.91639
1.26456
-1.34931
-1.90952
-0.37915
1.30667
0.996353
0.634958
-0.15345
1.495
0.353467
0.899616
-1.67358
-1.23665
0.383189
-0.233656
-0.032451
-0.885466
0.885532
-0.190618
0.594053
0.295548
-2.08311
0.587732
0.474685
0.938014
-0.385915
0.40508
-0.590873
1.23169
-0.599491
0.93011
-0.0085308
0.74131
1.54228
-0.326446
0.99657
1.78062
-0.672896
-0.282636
-1.53074
0.41935
-0.607982
-1.01485
-0.013043
1.58491
-1.0015
2.08235
0.669508
0.06316
-1.67469
1.62188
-1.39975
0.379497
0.950868
0.056336
-0.575512
-0.651338
-0.587053
-0.822779
-1.90529
-0.175567
1.73356
-1.11683
1.88584
-0.225952
0.87842
-0.874268
-0.870269
1.98524
1.3174
-2.63514
-0.712494
-0.483868
-0.819714
2.12136
-0.661796
0.38079
0.615994
0.489598
0.054856
-0.530482
-0.719224
1.9734
0.626258
0.419568
1.9447
0.225147
0.446559
1.42447
-0.37416
-0.884689
1.17729
-1.30711
0.562122
0.308174
-0.703286
-1.88862
0.885705
1.9125
-0.72098
-0.708183
-0.731085
-1.1443
1.32423
-2.49438
-0.272455
1.12996
-0.289267
-0.82441
0.529302
-0.44202
-0.26453
0.284987
-0.67449
0.779993
-0.944737
0.807241
-0.100674
-0.343288
1.23888
2.21033
0.861621
0.195146
0.316969
-0.159106
-1.46367
-0.899308
1.78025
-1.55775
-0.505677
-1.12238
-1.61325
0.129181
0.017244
0.676979
-0.337954
2.18495
1.5546
-0.361065
0.092781
-0.352644
0.12584
-1.92394
-2.51448
2.32683
1.21792
-2.0009
0.018115
-0.648186
-0.642238
-1.53352
-0.454001
-0.151128
1.87224
-2.51341
1.42545
-2.86483
-0.720113
-0.17304
1.53289
-0.995862
-1.81239
0.40729
-0.563559
1.79154
-1.43246
-2.72755
1.54631
-1.62863
-0.303176
1.05849
2.18351
-0.33512
-0.983908
-1.35384
-1.43235
-5.56405
-0.904942
0.026823
2.11782
-0.334788
-0.515634
1.00411
-2.08453
-0.499045
2.69077
-0.923949
1.47802
0.0836723
0.469728
0.081065
-2.07791
-0.542412
0.168252
-1.06663
-2.55007
0.773772
0.678454
-2.62496
0.040648
-0.335108
1.98541
-0.086979
0.14604
-0.442531
0.684679
0.272769
0.47237
1.63461
1.05942
-0.51046
-1.34687
-1.24822
-4.24992
-0.223528
1.95831
1.65984
1.8041
-1.57802
2.46705
3.01902
-0.19981
-3.76755
-0.708341
-0.886045
-3.64902
-1.44528
0.58202
-0.859351
-1.29782
0.047385
1.43103
-0.303791
-0.43274
-1.07618
-2.2468
-2.4359
-3.39338
-1.12639
2.19313
-1.18986
0.376435
-0.0310908
-0.031059
0.907411
0.942159
-0.364497
1.26303
0.391455
2.21579
1.10782
0.374279
-0.423321
1.11263
-0.19269
-1.35648
-0.497737
1.85434
0.995905
0.39731
0.116582
-0.619208
0.412909
3.39615
-0.562911
1.904
2.39115
0.405209
-1.02963
2.07843
-0.487802
-1.39054
-0.610198
3.34516
-0.367806
-2.49389
-0.579083
-1.12029
-0.640566
-4.30767
-0.26309
-0.328399
2.14834
-0.212866
2.45306
1.37651
-0.185525
1.31379
-0.607977
-3.16653
0.460933
0.416228
-0.429562
-1.22254
-2.79845
-1.8475
-1.08193
1.61722
0.916369
-0.976336
1.60886
-0.44655
-1.02641
-0.270152
0.188208
2.72322
-1.19697
-1.00354
1.15747
1.40327
-3.02398
-1.96031
0.068463
1.11398
0.550381
0.09797
1.17734
3.12328
-2.03368
0.710957
0.45975
-0.561194
0.931736
-0.545717
-0.502089
-1.78034
-1.4087
-3.13055
-0.875586
1.99143
-0.124801
0.344539
-1.91187
0.000351
-0.319829
-0.341364
-0.816674
-2.86199
-0.14778
-1.60578
-0.338351
2.32305
-0.270626
-0.0961392
-2.13678
-2.11716
-0.69317
-0.955916
0.926728
-1.6111
0.369902
1.18703
1.0587
-1.4211
-1.87817
-1.0281
0.602166
-0.226239
1.62436
2.11001
-0.507158
-0.970174
0.434384
1.33456
-1.93409
1.16899
-1.62771
-1.00982
0.431189
-1.60904
2.58754
1.15599
1.60802
1.80087
-0.836193
0.644076
0.64967
-1.28241
-1.42576
0.212759
-0.027101
-0.529122
0.914013
-3.4358
0.317419
0.52159
-1.93937
-0.113089
-0.418694
-0.907603
-0.395748
-1.08987
0.16838
-1.0374
-1.35192
1.55369
1.48959
0.197072
-1.51056
1.53129
2.61697
0.755919
2.28846
2.27738
-1.72504
1.14991
-1.89122
-0.655019
1.38659
1.94199
3.79039
-1.29742
3.5034
-4.17349
0.607597
-1.24755
0.463018
0.137149
0.390767
0.692157
1.43677
-0.501161
-2.51119
-0.019153
2.05637
0.2035
1.95736
-0.488109
-2.02215
0.12867
0.68144
0.278949
0.218143
-1.00765
-0.473392
-0.797397
1.97271
0.0709
-1.41963
0.213641
-0.74318
-0.609918
-0.55215
-0.08853
-1.59782
-0.977555
2.10364
-1.05973
-1.12213
1.70098
0.535955
-0.23604
1.1566
-1.12275
1.18168
-2.72386
0.589569
-1.0304
0.851959
0.898805
-1.65758
0.897487
-1.33848
0.16523
-1.03071
-1.16897
-0.250177
-0.95059
-0.311411
1.52044
-0.684456
-0.3844
-0.0949649
-1.75529
1.71937
-0.815051
-1.56713
-1.20455
-1.23593
0.593346
-1.49099
-3.94375
-0.894871
-1.1299
-2.74131
0.624311
-0.429421
0.304557
1.74169
-0.770149
0.71709
0.179873
0.05316
-1.97068
0.997121
-0.437568
3.0187
2.33354
2.03123
-0.435456
0.569253
-0.801451
0.798814
0.338635
-0.040342
2.38765
-1.75945
-1.02844
-0.42594
-1.44303
-1.14224
-0.423962
0.555302
-0.40381
-0.841587
-1.8505
-1.12998
-0.250955
0.284735
0.535297
0.487131
1.36848
-0.506703
0.203886
-2.44316
0.28281
-0.669052
0.27551
-0.625312
0.09507
-2.77828
0.450235
0.236188
0.27624
-0.944906
0.62216
1.42523
-0.401265
2.01778
-0.772658
-0.376459
0.24879
-3.24585
0.938424
0.461902
-0.276089
0.109344
1.53033
2.08787
-0.726399
-0.798738
0.878256
1.40295
0.337464
0.110676
-0.926591
-0.516721
-0.016956
0.630721
0.510689
0.067255
1.4045
2.0492
-2.65081
-0.428824
-0.584959
-0.121724
0.082403
-2.03345
-2.2168
-0.725223
-1.22727
-2.08679
1.38672
1.59259
-1.1165
1.72957
0.40118
0.617053
1.20149
-1.66277
0.55371
0.555235
-0.199192
2.44672
-0.031137
-1.05649
-0.697941
1.17729
-0.50733
-0.63644
-3.20634
0.957368
1.69348
0.09441
-2.38782
0.951079
-1.9138
-2.34083
0.370107
-0.422117
0.251073
0.390052
-1.03875
0.557935
2.27309
0.05526
-0.118364
-3.2646
1.98982
-1.70696
0.401527
-1.86647
0.805649
0.387178
1.31491
-2.03805
1.30383
-3.26591
0.439089
1.57512
-0.145241
0.807711
1.53878
0.801967
0.986375
0.16415
0.646484
-1.6882
1.73369
1.4842
-1.73241
0.271772
0.105671
2.14754
-0.18853
-0.356024
1.61841
1.60815
-0.742264
0.08942
-0.099625
-0.272792
-1.31463
0.33489
1.16497
1.31606
0.03573
1.51316
0.210852
-0.282473
0.462138
0.074071
1.19367
0.18203
-0.254559
-0.630676
-0.583893
0.333005
-1.3699
-1.92383
0.969292
-1.14104
-2.55951
-0.897487
1.03714
-0.655323
1.1819
0.15375
-2.42382
-0.329054
-2.62297
2.38708
0.867055
-2.86314
1.3464
0.559294
-1.99084
-1.26797
0.912208
-2.35909
-0.597575
1.37838
3.47373
-2.47473
-0.46207
-1.29157
0.377616
2.34363
0.37945
-0.997896
0.031135
1.1081
-1.66772
-1.80258
1.50463
-0.183319
-2.3778
0.208542
-0.232916
0.0631787
0.185209
-2.33595
1.60616
-0.723526
-1.28699
-1.85677
-0.159871
-0.537579
-0.61766
1.66901
0.737408
0.539339
-0.748813
1.9647
0.443074
-1.21774
-1.97087
0.96488
-2.71516
2.70868
0.038629
-0.194437
-1.02575
-1.68568
-0.255332
-0.647458
-0.168724
0.213969
0.895574
-0.932249
-1.40475
1.39774
0.16961
0.290105
2.82621
0.0572694
1.03252
-1.55417
-0.469189
-0.69152
1.82301
0.298101
1.23928
0.86757
0.01812
0.316866
-2.49826
0.24526
-1.71646
-1.40453
-1.54284
1.13559
1.33803
1.1655
1.96087
-1.51239
1.56499
0.355606
-0.818234
-0.033423
-0.128355
0.686455
-0.816094
1.99859
0.27393
0.840469
0.385308
-1.08919
1.20065
-0.711141
2.94504
-0.519017
2.31659
0.02945
-0.027377
0.24516
1.05844
-2.49785
-1.00907
0.63951
2.84413
0.02643
0.048234
2.90273
-0.060102
1.11011
-2.14536
0.188769
-1.11321
-0.041187
-0.012006
0.639766
1.87132
-0.707854
-1.17761
-1.69539
-2.28621
-1.87356
0.151834
-0.039816
0.63608
-0.852628
0.126821
0.71419
-0.245394
1.80821
-0.36169
2.34066
-1.19559
0.319654
1.17544
0.46302
1.05218
2.11971
-0.28567
-0.779586
0.43944
-2.03534
-1.87688
0.861814
-1.79354
-0.715689
-1.1549
-0.805933
2.08077
-0.756287
-0.8067
-2.97357
-0.060668
-1.03708
-0.836891
-0.864748
0.226204
0.848099
-2.66703
1.14504
3.26935
-1.81037
-0.350489
3.85836
1.51371
-0.847155
0.820059
1.43911
1.21087
0.985
0.206368
-0.88828
-2.21836
-3.19706
0.429987
-1.08487
-0.274249
-0.129363
-2.21648
-2.81875
-0.15345
-1.18004
-0.91678
1.4522
1.36027
-0.214906
-0.600488
1.2173
-1.74162
-0.10164
0.034089
-1.65341
3.72414
-4.02108
0.281746
-1.46771
-2.59725
-0.34069
0.429206
1.57837
-1.80543
-0.164501
-2.08985
-4.51028
0.277187
1.12881
-4.40096
-1.15808
-0.547438
-0.593229
-0.144765
-0.154881
0.956047
-2.75495
2.46876
2.03734
-1.42771
0.08416
-0.344632
-1.55412
-1.17346
2.19126
-0.721262
-0.23597
-2.51104
-0.993882
0.788051
-0.361285
-0.153189
1.38117
-0.833056
0.19825
-1.48481
1.4559
-1.2992
-0.863789
0.375692
-0.01537
-2.26157
-1.99061
2.14289
-2.58683
-0.286152
0.492246
-1.62286
-1.97564
-0.839131
0.0738
0.925295
0.167118
-0.246913
-0.524993
1.45677
2.0322
-2.12511
-1.37932
-1.27214
0.246157
-1.22973
1.13069
-2.71863
1.68801
0.16806
0.720513
-0.059891
0.213518
-1.15417
-2.84688
-0.753322
0.100577
-1.4011
0.399276
1.93483
-2.19749
2.13611
0.753209
0.019495
1.87033
-1.79395
-3.46786
2.43355
0.579954
0.259217
0.816945
-0.0569757
1.75844
-0.527731
0.667074
1.03039
0.074442
-2.21567
-0.89553
3.6301
2.0991
0.855679
1.44121
-0.505862
1.99458
1.24756
1.40509
2.63101
-0.599204
0.45476
1.45693
1.78584
-1.39269
0.349454
0.358223
-0.117764
-0.723308
1.3299
0.84933
-1.4305
-0.972139
0.201195
-0.401591
1.55222
1.31812
1.29221
0.568806
-0.512884
0.236329
0.178094
0.739958
1.33779
-3.13676
-2.93816
-1.01748
0.384348
-0.072807
0.304248
-2.4049
-0.848791
0.498762
2.87943
1.04668
0.065191
0.17926
-2.72113
0.765891
0.494939
-1.75818
-1.10827
-2.05472
-0.233844
0.009886
2.70779
2.64858
-0.129159
2.24702
0.35616
-0.857647
-0.809402
-0.33003
1.39013
-1.14864
0.25443
-0.898941
2.15542
0.665229
1.8023
-0.408746
-0.335944
-0.24855
-0.132442
-1.43619
-0.000795
-0.167146
1.79841
-2.36479
-2.90356
-0.429595
-0.240647
-2.38317
-0.666418
1.46664
-1.42802
0.254144
-0.112259
-0.450869
-0.776522
1.0056
-0.771179
1.26555
0.199103
-2.35797
-2.42846
0.640085
0.247127
0.784156
-2.77821
-1.51392
-0.069807
-1.5903
-1.83786
-1.02445
-0.289077
0.17612
-1.10532
-0.276986
-0.710256
1.31653
-1.09975
1.02313
1.09793
-2.64682
-0.194672
-1.23517
2.65352
-1.93658
1.16068
-0.5216
0.248066
0.471558
1.21692
0.21673
-1.19796
-2.20059
2.33797
3.88262
0.21198
2.97256
0.915118
-2.44813
0.497645
1.64299
-1.53596
0.55688
-0.766452
0.940817
1.81258
-0.263593
-3.99915
0.441826
0.972154
-1.8096
0.194775
0.210879
0.80692
-0.40708
2.76137
-2.72954
-0.26877
2.02316
1.23946
0.246357
-1.66214
-0.111594
2.21572
-0.167554
3.2217
-2.11072
-0.655608
1.92133
-1.2317
0.697387
-0.774774
2.4824
0.70425
-1.03891
0.428072
0.951203
0.603358
0.22549
-0.487546
-2.314
-1.54329
-0.128035
-0.902236
0.559142
-1.33829
-1.37246
0.243635
-2.1722
0.274367
1.83096
-2.08391
1.99934
-0.56236
-1.21199
0.351304
0.083098
2.0461
1.05095
-2.19024
-1.10667
2.17402
-1.05343
-2.35926
2.88601
-1.03812
1.15667
-2.18384
0.673296
0.559724
1.3785
-0.271774
-0.833323
-0.635234
0.90548
1.17008
0.66776
0.975547
1.87524
1.00426
0.185009
0.0969943
-1.05491
-1.26337
-1.35555
-0.719808
-1.78123
-0.667788
0.754042
-0.165317
-0.00911
-1.71367
-0.403856
0.606938
-0.322912
-2.00607
-1.16209
-0.09625
1.08967
2.19926
-1.13374
0.177189
-1.13163
-1.76149
-2.06503
-1.26365
1.90041
2.09124
-0.811055
0.170851
1.77784
-0.12089
1.07171
-1.35512
1.6635
0.733676
-0.712157
1.63817
-1.34349
0.37469
0.752947
-0.449723
0.022348
-0.264713
0.183265
0.0467486
-1.18485
0.01672
2.07803
-0.618917
-1.49244
0.888022
1.68525
0.335119
-0.700597
-0.792977
-0.027225
2.86862
-0.444275
-0.602511
-2.03435
-0.585858
0.433628
-0.498019
1.07859
1.61222
-0.29988
0.435216
0.415985
1.10986
-0.373647
1.28991
1.64115
-2.52223
1.07281
1.92452
1.43857
1.72241
-1.54731
-0.00635
1.3832
-0.092801
0.01601
0.226855
1.79867
1.10412
-0.77655
1.14781
-0.670397
1.46737
-2.05743
2.79729
2.39771
-0.532183
0.304884
-1.76661
-1.20013
0.729188
-1.17892
2.77752
-1.38661
0.378633
0.452488
-0.02387
0.792195
0.948786
-0.272912
-0.775376
-0.538369
1.91896
-0.503654
2.19196
1.36466
0.642949
0.378863
1.39149
1.49891
1.4558
-0.613508
-1.69864
0.121015
-0.134977
0.151383
0.252061
2.43808
-0.767584
-1.24671
-0.812952
-0.920131
0.494229
1.09779
-0.293406
0.865397
1.717
1.72744
-1.21982
1.10035
1.81436
0.189873
0.898366
0.882483
-0.768478
0.555045
-0.063377
-1.15345
-2.32853
-0.058754
1.24204
0.631662
-0.876017
1.64193
-1.00014
-0.011126
-0.701014
0.529197
0.456009
1.86432
0.840516
-1.02571
0.08583
-1.42976
2.29792
-0.734383
0.519458
-0.186473
-0.519791
-1.22978
1.00157
-0.0800292
-0.162894
-0.001738
1.48424
-1.73174
1.11706
-0.279412
0.422685
-0.980514
-0.983993
2.0021
1.49265
1.82243
0.61658
-0.513273
-2.46538
-0.393105
-1.81027
-1.9174
1.1879
-1.65072
-0.684592
0.476235
2.90547
-0.678359
-1.41527
-0.472591
0.022809
0.674704
-0.895706
-0.998761
-0.247519
0.062949
-0.491243
-0.348744
1.43811
0.0652959
0.324938
2.62292
1.8907
0.989523
1.61059
-3.29903
-0.784447
-1.88912
2.19237
-0.392492
-0.804893
1.24637
2.12256
1.11674
-0.788358
-0.993477
-1.57472
0.704784
1.33254
-0.98651
1.38186
-1.03098
0.583557
-1.27853
0.998242
0.473552
-0.0936269
0.315462
0.682303
0.202769
0.67113
-0.08792
2.1967
-0.383764
-1.54575
-0.160465
1.20202
0.968414
0.677165
-0.582316
0.803425
0.011864
-2.09578
0.513988
0.428489
-0.791963
1.70585
0.381072
-2.08392
-2.48591
-0.655628
-1.42606
3.19701
1.22259
0.499725
-4.16612
0.705941
1.63199
-0.187775
-2.99156
0.405152
1.73328
1.58161
3.24928
1.74572
0.017324
1.65779
1.13365
-0.909265
-0.581638
-0.473788
-1.86875
-0.0821827
3.14153
0.80562
0.108065
0.793352
-3.0437
-0.382109
-1.6498
0.023403
1.87918
0.932848
-0.141398
-0.683001
0.370351
-1.32144
-1.17522
-1.99301
1.12167
1.69273
3.01795
-1.58777
-0.824988
-1.67808
2.44592
-1.20193
2.77868
0.296376
1.99862
0.28842
-1.15569
-1.56074
-0.773041
-1.11153
-1.83953
1.95467
0.53873
0.41944
-0.378154
-0.492711
0.58807
1.63589
-1.78945
-1.33837
1.64419
1.4178
-0.521985
-0.174239
-0.105129
-0.430061
-2.03623
-0.579388
0.948713
2.99762
-1.1001
-0.759962
-0.66764
-0.988169
-1.62171
1.66804
0.968378
-2.28531
3.09298
-2.23892
-1.23659
-2.78267
1.85166
-1.27615
-2.30194
-2.12624
2.6071
1.94681
-0.245128
1.91879
1.87307
0.658041
-1.12594
3.36778
-1.35731
-0.137425
-1.30808
-0.0289
1.66172
-0.585648
-2.54488
3.48488
0.051978
0.16909
-1.24772
-0.741962
-3.80253
-0.543088
-1.70988
0.533011
2.20326
0.304132
-0.876902
0.213254
-1.10625
0.424884
-1.46874
0.043056
-0.992905
0.046936
1.26839
-0.345524
1.02481
0.099744
-1.60387
2.95718
-1.11716
-2.09367
0.344036
0.382612
0.299718
0.327788
-0.717656
-0.34639
0.97155
0.400188
0.701466
-0.950897
2.3109
1.07088
-3.08788
-1.16673
-1.15749
-0.707545
0.54099
-0.738556
0.226233
0.412971
-1.31319
-1.1962
-0.605648
-2.40987
1.66035
1.9327
0.818812
-0.617119
1.88649
0.728429
0.375936
0.792071
0.15299
1.62118
3.26006
0.674441
-0.812115
-1.39489
-0.694598
-1.12536
-1.58608
-0.079278
2.26349
2.23773
1.47104
1.14422
1.29532
-0.373233
0.802474
-4.81951
-1.396
-0.793373
1.62545
1.31578
0.252333
0.243375
1.0449
-0.74927
1.8156
0.163067
-1.3864
2.04196
2.94207
0.641016
-1.05609
-0.840963
0.004683
-1.34701
-0.867589
2.4802
1.38931
1.2996
-0.210868
-2.02804
-0.108985
-0.77735
-1.73105
-0.313435
0.06852
-0.965578
0.469873
-2.02109
-0.668835
2.1648
1.35324
-2.36869
2.3003
1.1229
-1.58112
-0.640434
0.690884
-0.900716
-0.751923
-0.674059
2.77045
0.425697
1.58928
-0.367989
0.042513
1.80433
-0.563815
-1.17023
-0.70584
-1.62858
-1.5778
2.42809
2.79049
-2.4045
0.136996
-1.45645
2.45063
-0.199447
1.70822
-1.43571
0.463849
1.97888
0.9249
0.809393
-0.68158
-0.853552
-1.03359
0.158861
2.95119
-0.55596
-0.915263
-0.69755
-1.80542
2.57866
-2.29605
0.34815
2.21621
-4.45161
1.06934
0.30064
-2.15707
-0.223106
1.28611
2.29953
0.809577
2.2744
0.983525
3.0532
-0.516756
-1.04237
0.850794
-3.23977
-0.127819
-0.454823
2.6572
3.04955
-2.09925
0.923511
-0.907108
1.00905
-0.657523
-1.99638
0.711339
0.292688
-0.0415264
-1.19931
-1.03905
-0.88375
-0.012838
-1.11603
-2.10041
2.06956
-2.26185
-1.48507
2.49429
-0.177511
-0.919244
-0.215732
0.232678
0.358859
-0.774539
1.86409
1.73428
-1.31796
-2.07429
-0.674255
0.48443
1.59746
-1.98956
-0.155681
-1.69585
-1.56409
1.88561
1.06152
0.398007
-1.10012
0.28436
-1.18502
-0.732533
-0.791856
1.22996
2.02451
1.19518
-1.13824
-3.2561
3.44137
-1.28709
1.21655
-1.48083
-1.68123
-1.51129
1.59531
1.7131
0.711777
0.94479
-0.282559
-1.7639
-1.3672
1.25088
0.826908
-2.17836
-0.416846
2.72438
-1.31804
0.552258
1.04497
-0.220735
-0.85114
1.77197
0.728676
1.55108
-0.526433
-0.70355
-0.054087
-2.59102
2.21365
0.996783
-1.52146
1.93079
-0.55312
6.21104
-0.680828
-1.22991
-2.0401
-0.481653
-0.714279
1.55834
1.9289
