0.177292
-0.0431217
0.699048
1.36539
0.170859
-0.0471798
-0.824016
0.771654
0.915052
-0.725301
1.0907
1.01249
-0.951425
0.483464
1.06232
-0.976922
1.17804
-1.30034
-0.214887
1.91516
-0.905159
0.660101
0.52497
1.95693
-1.30205
-1.42927
-0.471159
-0.0157345
-0.135275
-0.880443
0.63673
0.308127
-0.117762
0.592145
-0.123025
0.73108
0.195249
0.585173
-0.203713
0.251825
-0.937609
-0.588562
-1.13152
-0.39224
-1.64966
-0.74582
-0.16786
-1.84324
1.85042
0.139264
-0.987546
0.314335
-0.785371
-0.249928
0.690422
1.27881
-1.49191
-1.03405
1.2846
0.165069
0.908905
-0.207739
0.159874
1.04244
-0.623839
0.119224
-0.644887
-1.76447
0.46132
-1.94364
0.629225
0.345296
-0.763949
-0.395724
-1.47153
-0.98611
3.20304
0.196125
0.275136
-0.610608
-1.2344
0.289436
-0.335379
1.71827
0.762929
0.845754
0.0900768
0.849529
-0.682831
1.84767
-1.75571
0.452322
1.30356
0.0983435
-1.22519
2.61511
1.02325
-0.931792
-0.678727
-0.157875
1.04128
0.0224515
-0.536448
-1.47317
1.3012
-0.857557
0.291391
-1.08055
-1.01583
1.10575
-2.35038
0.595284
0.60321
-0.330961
0.25564
1.29265
-0.179067
1.68681
2.12739
1.97824
0.800181
1.06295
0.780672
-0.626548
1.28655
1.66834
0.0975885
-0.274859
-0.18509
-0.791128
-0.813466
0.932895
1.02164
-0.596761
-1.25081
0.793056
0.937227
-0.902223
-1.42395
-0.661537
-0.429852
0.892423
-1.69951
0.672521
-0.0483144
0.595378
1.8825
-0.994851
-2.18093
-0.363817
-0.0398587
-0.481478
1.77003
-0.741433
0.415146
0.0861958
-0.951139
-1.02752
0.700711
0.0963772
-0.180174
-0.864484
0.14234
-0.324548
0.722247
-1.69994
-0.0564512
0.88544
0.208043
1.30122
-0.698477
-0.493407
-0.740553
1.28201
-1.57043
0.744499
-0.570539
-1.3474
0.349075
-0.0949074
-0.34364
-0.797369
-0.212897
0.7151
-0.212
1.22033
1.58523
0.12598
1.2371
-0.760342
1.05226
1.60819
-0.250714
0.427409
1.94014
1.72585
0.833198
1.36007
-0.199719
1.3758
0.497644
-0.069629
1.27512
-1.00157
0.692219
0.988883
0.565664
1.55947
0.0393235
-0.441824
0.841253
-1.26473
-1.43451
1.27236
-0.38925
-1.7302
-0.088981
-1.31918
0.224405
-0.481085
0.0526893
0.848598
1.19386
0.278718
-0.589334
0.0962926
1.65825
0.120106
0.188223
1.10657
-0.270931
0.972839
0.467429
-0.0322169
0.108126
-0.993461
-1.37603
0.735511
1.33173
1.35085
0.32833
1.007
1.68161
1.84067
1.12933
1.21307
0.654569
-0.501588
1.05516
-0.817318
0.0621627
1.56122
-0.730898
0.225535
1.34991
-1.59126
-0.269395
-0.812707
0.495619
-1.92285
-1.03219
-1.27427
-0.262482
-0.464262
-0.721411
0.335133
0.0684348
0.240514
-0.663019
-0.957215
0.957075
1.02606
0.116511
0.421611
-0.261614
0.78056
-0.0528262
-0.945196
0.323327
1.00793
0.78649
-0.846844
-0.258206
-0.730346
0.139014
1.08908
-0.239795
-2.35434
-0.583948
0.90518
-0.589359
-0.642666
-0.330483
0.72859
-0.316443
-0.0240834
1.35628
-1.19923
0.156563
-0.885058
1.34239
0.721371
0.551917
-0.835833
-0.456214
-0.785645
1.61312
-0.527449
0.289813
0.0786434
3.37769
0.378665
1.14905
-1.11062
-0.866544
0.211072
-0.922506
0.0984314
-1.94783
-0.214084
-0.713188
-1.96082
-0.398804
-1.18931
-0.164317
-0.703476
-0.123371
-1.25599
0.796699
1.21573
-2.29839
3.93615
-0.137929
0.872335
0.189055
0.934219
-0.18386
-0.235053
1.17118
-1.7358
0.000389556
-0.264851
-0.535742
0.641447
-0.535844
1.00943
1.33623
0.342538
-0.660718
-0.276934
0.977694
0.532861
-0.0943645
0.0327146
-2.8506
-0.639487
0.607846
2.06902
0.42684
-0.185024
-0.744426
0.652313
1.32245
2.3394
-0.341657
0.55481
-0.197137
-0.918589
-1.58869
1.28237
0.458295
-0.156294
-0.422995
1.00448
0.216755
0.489942
-0.0645596
-0.846205
0.295079
0.655176
1.8405
0.36843
-0.189722
-1.39637
0.101839
-0.440245
-0.72728
1.81464
0.590389
-0.703596
-1.00124
0.373311
-1.85075
-0.311297
0.0641448
0.602393
0.620372
-0.399028
-0.0187328
-1.03409
-1.30438
0.894137
1.69522
0.318318
1.718
-1.14304
-0.855623
1.36022
1.29039
0.553903
0.0923231
0.553017
-2.12019
-1.03702
0.538374
-0.806299
-0.250644
-1.61669
1.24476
1.14031
0.234433
0.636759
-0.224083
-0.647751
-0.777242
-0.122162
-0.795944
0.496939
-0.326161
0.845269
-0.344995
-0.0404946
0.489431
-0.923558
-0.0832732
-1.9368
0.470831
-0.101245
2.12006
1.04704
-0.136054
-0.0385829
1.73355
-2.1071
-0.783495
0.58491
-0.74419
-0.40669
-0.418425
0.713856
0.88023
1.12966
-0.415615
0.0681941
-0.396041
0.640027
0.385592
-0.368415
1.40456
-0.729397
-1.86082
1.15461
-0.551032
1.71722
-1.82187
1.36471
-0.51827
0.398941
-0.247289
0.12183
-1.1923
0.531879
-1.14375
1.0888
-0.223378
0.412793
-1.02577
-0.323415
-1.06012
-0.673983
0.00275767
-0.293679
-0.0162244
-0.589403
0.0854494
-0.182398
-0.716512
1.12675
0.543784
-0.863044
1.40923
0.115171
-0.724681
0.360954
1.73364
0.230199
-0.609741
-0.452101
1.33497
-0.0943721
-0.0223025
1.50351
1.04873
0.850176
-1.95204
0.394763
-0.578505
0.74639
0.0886122
0.933427
1.60462
-0.461319
0.0925136
0.10356
-0.919492
0.129625
-0.589833
-0.951528
-0.986499
-0.474673
0.473312
-1.16957
0.027227
0.116196
1.42868
0.49172
-1.65621
-0.920056
0.33582
-0.121587
0.821351
-0.830679
0.485237
0.394749
1.90869
0.693113
-0.00209165
0.218403
-1.70862
0.728497
1.11139
-1.68035
0.391698
-1.2612
1.23229
-1.05128
0.231936
-0.888928
-0.400248
1.28324
-0.327633
0.161673
0.793924
-0.681688
-0.699111
0.622509
-0.073212
-0.280191
0.558823
-0.550064
-1.22674
0.346936
0.00625222
-0.456599
1.44618
-0.37891
0.353449
0.111147
-0.447239
0.0539741
0.515987
-1.71396
0.0975525
0.159931
-0.729529
-0.145147
-1.47977
-1.40295
0.33139
1.20464
-0.838439
-1.96585
1.3357
-1.87373
-0.930527
0.201361
-1.61465
0.311731
1.67721
1.26218
-0.709025
0.785163
0.267284
0.253359
3.89882
0.185516
0.911262
1.32534
-1.54722
-0.319033
-0.600495
-0.187551
0.441732
-1.2269
0.347065
0.207134
-1.01104
0.596747
-0.70662
0.304345
1.51472
0.428392
-0.357028
0.425494
0.425999
0.745183
-0.935116
1.23784
0.0743934
0.44935
2.07675
0.985758
-0.0254952
-0.331066
-0.697676
-1.42761
-0.146121
0.746504
-2.15234
0.113879
-1.42119
0.745765
-1.18184
0.461003
0.0101874
0.0622874
0.545175
-0.734227
-0.368163
-1.43166
0.774313
1.31392
0.520125
1.17951
0.0461156
0.587306
0.312072
-0.835025
0.437808
-0.0649712
1.86998
-1.46632
-1.102
0.458273
0.599515
-0.487457
0.240078
0.673365
-0.272796
-0.686655
0.185511
-0.761362
-2.27505
-0.644287
-2.06692
0.263444
0.774732
-0.226204
0.0323599
-0.0191489
-0.443772
-1.03366
0.805264
-0.321878
-0.743323
0.780467
1.43738
1.46274
-0.804122
0.15374
-0.82475
2.4883
0.249684
-0.0374259
-0.292684
1.16098
0.206602
-0.861067
-1.987
-0.234683
-1.43085
0.0847983
-0.58393
-0.80853
1.54229
-0.357777
-0.131544
0.659659
-1.66991
-1.72593
-0.0911444
-0.228565
-0.479763
0.229977
-0.543498
1.31094
-1.10352
1.03435
0.797548
-1.62802
-2.15219
1.30226
0.50018
1.67923
0.82186
-0.998143
-0.235704
-0.334471
1.83936
-0.404475
0.33376
0.923978
-1.23896
0.740249
-0.415615
0.827531
-0.029422
0.192906
1.39341
-1.55499
-1.23503
-0.614938
0.643262
-0.938118
-0.538591
0.176848
0.970012
-1.08374
1.30102
0.808824
-0.159467
1.02194
0.884636
0.233311
1.54919
-0.0694841
-0.202851
1.42084
-1.11369
-1.38149
-2.15374
-0.68928
0.0574672
0.734219
0.270103
-0.973948
0.295656
2.21793
-0.584157
-0.351718
0.117116
0.195556
-0.234684
-0.770019
-0.278925
-1.36727
-0.491217
-0.290782
-1.66602
0.0647938
1.20712
0.741409
-1.3397
0.267195
-0.561173
-2.28464
-0.72554
2.71538
-1.42416
-0.329984
-0.786178
0.21599
-0.49855
0.0860901
-0.0588873
1.39758
-0.165262
0.122819
0.385579
-0.745526
0.757684
-1.68064
1.43145
-0.347885
1.85079
-1.09251
1.20592
-1.24123
1.50669
0.138121
-1.23591
-0.0600105
-0.0360746
0.686835
0.669035
0.448982
-1.86925
-0.532507
-0.531331
0.49253
-0.246122
-1.1423
0.541116
0.100903
-0.809064
1.61367
1.10926
0.905419
-1.08807
-2.17582
-0.8701
-1.19538
0.397048
-0.742008
0.13808
1.33346
-0.825656
-1.4367
-1.7193
1.04798
-0.313256
1.04909
1.0955
-0.0350265
0.0475164
0.151617
-0.29933
0.705712
0.6387
-0.397462
0.433851
-0.317013
-1.51756
1.11474
-1.32985
-1.27508
-0.730888
-1.52533
-0.14512
-3.08282
1.75333
-0.0585686
0.0157373
-0.415572
-0.589141
-0.874797
-1.49552
-0.938217
1.76257
-1.18273
-0.599427
0.808543
-0.769127
-1.69554
0.357844
-0.13162
-0.403628
1.1153
-0.45264
-0.127656
-0.0793577
0.532424
0.700612
2.21868
0.927144
1.46044
-0.265062
0.157836
0.0416323
1.53313
0.664326
-0.536724
-1.43037
-0.216573
-0.437223
1.84948
0.239817
-1.40808
-0.895663
-0.461638
0.30557
-0.73156
-0.546298
0.0571156
0.949778
1.80863
-0.501718
-1.46857
-0.0322338
1.15608
1.16183
0.113184
0.874247
1.12715
0.640077
-1.85164
1.33283
0.0561718
-3.08663
-0.0591205
-0.0521374
0.269424
-1.18128
0.418658
-0.439671
0.273459
0.0680657
1.17244
-0.0907262
0.163835
-0.0948376
1.45666
-1.11055
1.71946
-1.4533
1.30472
-1.16259
1.48012
-0.234223
0.991196
0.718235
-0.218013
-1.2873
-0.628686
-0.0988829
0.0657204
-0.410423
0.704008
-0.830454
-1.18868
-1.43068
-2.64268
-0.0634125
-2.32496
-1.92327
-1.53104
1.27802
1.19759
1.74181
-1.1722
0.550748
1.28825
1.11238
-0.562025
-0.702007
-0.183012
0.612234
-0.019584
0.93008
0.558096
0.605772
0.30361
-0.608488
-0.00171523
1.78142
1.73453
-0.788634
-0.0745939
1.21136
0.961543
-0.293793
-2.37839
1.10156
1.49115
0.450066
-0.474721
1.07225
0.94432
-0.220568
-0.720211
-1.10394
-2.2321
1.04667
2.10302
0.242985
-0.492419
-1.51106
1.11449
-1.39067
0.731379
-0.783675
-0.331323
-0.374031
0.691064
-0.983568
1.33764
0.220612
0.287534
-0.285482
-0.477199
-1.54355
-0.683177
0.183243
-1.42557
-1.0377
-2.52292
-2.18832
0.876787
-0.175383
0.630274
-0.436669
-1.79152
-0.0542148
-0.496886
0.150939
-0.235318
-2.32352
-0.15358
0.761733
-0.294639
2.08382
-1.20797
-1.25939
0.11718
0.271148
0.78546
0.426842
1.33178
-0.726841
-0.300763
0.572432
0.738511
-0.271114
0.130499
0.228908
-1.05313
0.977526
0.32988
-0.13736
-0.857304
2.42585
-1.26864
-0.456943
0.937096
-0.067291
-0.39969
0.712863
0.00705679
-0.351118
-1.31354
1.05117
0.667982
-1.14376
-0.63987
-0.0834401
-1.75157
0.431307
-0.351415
0.0456696
0.496556
-0.570138
-0.417811
-1.13726
0.248687
-0.377037
-0.343448
0.182155
2.37409
1.57947
-1.47009
-0.744445
-1.05608
-0.854898
-0.776543
1.85569
-0.821969
0.769494
-1.61809
-0.810968
-1.24595
0.20026
0.559239
0.452856
1.02291
-0.326423
0.684724
1.33602
-1.16465
1.28629
1.83003
0.61053
0.498752
0.982412
2.37628
-1.24131
1.37047
1.31992
1.61489
-2.19353
-0.692887
-0.582469
-0.461712
-0.102489
-0.395125
1.54117
-0.198354
-0.664722
1.05348
0.765952
-1.84232
0.194601
0.277966
0.10439
-0.0668345
0.0654958
0.573982
-1.40435
-0.0452828
2.32697
1.34479
0.454806
-0.450441
0.145987
0.582571
0.756795
-0.246358
0.0467264
0.269859
1.01876
0.901159
-0.0341096
0.217063
2.1958
-0.281991
0.0844472
-0.179278
2.41447
-1.01304
-0.934436
-1.6554
2.34853
0.143348
0.782426
1.58822
0.00995517
1.23401
-0.882964
1.10981
-0.737883
-1.22356
-1.84743
-0.348334
0.388613
-0.122353
-1.16138
-0.0159087
-0.941919
-1.33505
-0.141175
-2.3345
1.33592
0.293072
-0.107594
-0.075442
0.01166
0.729258
-0.294801
0.566698
-0.308286
-0.335188
0.661115
-1.17859
0.474935
-1.23529
-0.469347
-1.89072
1.41759
0.856761
-1.04045
-0.305787
0.191763
1.48374
-0.133186
0.294929
0.173204
0.112877
0.152688
0.0872427
0.612067
1.17781
0.43805
1.32481
0.215077
0.954064
1.48096
-0.56174
-0.252716
-0.35027
0.302636
-0.252581
0.303458
-0.315043
-2.35845
-0.673053
0.148127
0.129234
0.158347
0.0381665
0.834761
-0.350483
0.484983
0.904699
0.514349
0.123339
-1.0436
1.86147
0.484545
-1.95428
-0.0304737
1.61173
1.28538
-0.109694
0.521958
1.32326
1.06278
0.533001
1.18018
1.42262
0.562408
0.731656
-0.799116
-0.0360874
-0.538922
-1.96892
-0.351932
0.741562
-1.48424
-0.426144
0.299264
-1.22251
0.0729004
0.711692
-0.260519
0.554468
-0.714991
-0.523806
1.27421
0.470477
1.409
0.834611
-1.00947
1.07879
-0.302735
0.0218411
0.301577
-1.3047
-1.73166
-0.730969
1.89835
2.25808
-0.951257
-1.56815
-0.487236
-0.288105
-0.708792
0.0181858
1.68289
-1.23634
1.20258
-0.492003
-0.697619
-0.332472
0.199421
-1.80926
-1.18834
-1.08291
1.93281
-1.04385
0.0190854
0.0810457
-1.05116
0.661391
1.54163
-0.499776
-0.336804
0.455734
1.05747
-0.0384008
-0.362473
-0.21446
-0.876366
-1.31194
-0.612361
0.264956
0.462775
0.719511
0.0595791
-0.453857
1.35976
-2.35236
-0.149437
0.666058
-0.287215
0.409263
0.169783
-0.0974405
-0.703206
0.448239
-0.0279175
0.465605
-0.973586
0.951028
0.542931
0.875881
-1.04463
-0.204894
-0.144564
-1.56485
-0.406618
-0.725184
-1.76032
1.78113
0.166919
-0.0824474
-1.29733
0.370251
0.479828
-0.569277
0.719699
-1.392
-0.782536
-0.372304
0.553205
-1.09136
0.443696
0.73713
-1.86396
0.270293
0.0254501
0.244299
-1.01967
1.22314
-0.236399
0.556677
0.58341
0.193597
0.604975
-0.845801
-0.610025
2.00309
1.85066
-2.85765
-0.0129065
0.0127067
-1.09339
-1.6915
0.714535
-2.24194
0.0499754
-1.38128
0.698592
0.774913
-0.201927
-0.492934
0.828169
0.000264754
-0.0536021
-0.787843
-0.397878
-0.294589
-1.32312
-0.792776
0.442089
0.0156566
-0.483414
0.173401
0.97239
-1.0239
1.33673
-1.5873
0.908499
0.234478
0.515303
-2.14262
2.03795
-0.491528
0.42359
-0.0224442
-0.828113
-0.707363
-1.56658
0.725921
-0.975833
1.09711
0.477376
0.590075
0.265834
1.0567
0.497823
-0.614171
0.196584
1.1453
1.24432
-0.760682
-1.48619
0.343235
-0.103081
1.57575
-0.0126733
1.35081
0.48705
0.310254
-1.89417
1.25517
1.50785
0.167756
-1.61043
0.39468
-0.0021019
-0.586265
-1.00517
-0.492545
-0.285688
-0.631188
0.577537
-0.247847
0.142398
-0.0230747
-1.56368
0.228748
0.946651
1.42741
0.979885
-2.25137
-1.03122
-0.853608
-1.29071
-0.825937
-0.407699
1.35434
-1.71215
1.44284
0.140915
0.302037
1.89393
-0.871083
-2.81125
0.917112
-1.78948
0.244427
-0.440441
-0.908782
-0.496106
0.647349
1.06893
-2.2049
1.39428
1.23066
-1.00743
0.262074
0.766803
0.519759
-0.162489
1.03314
0.139427
0.348109
1.69037
-1.72738
0.487583
-0.712154
0.472942
-1.07093
1.04124
0.543084
1.01497
1.42589
-2.25756
-0.628178
0.88569
0.74478
1.47673
0.934776
0.66118
-0.928336
-0.230283
-0.563222
-0.934505
-0.183075
1.77007
-0.665897
1.09461
-1.74029
0.16292
-0.355838
-0.708814
1.9474
0.616819
-1.24101
-0.0316926
0.225806
0.588917
0.017605
-0.133602
-0.503232
-1.00224
0.435704
-0.647537
-1.34504
0.851564
-0.310363
2.46471
-1.02789
1.39223
0.487321
1.16763
-1.05058
0.247099
0.373004
-1.10694
0.045866
-0.748603
0.287851
0.911002
-0.441585
-0.113546
0.686219
1.55751
-0.753039
0.797997
0.236373
-1.38564
-0.870942
0.592137
1.15346
0.222148
-0.650835
2.76804
0.0144342
-0.572584
-2.07935
1.31755
0.280458
-1.34803
0.0894698
-0.237812
-0.819102
-1.55275
-0.0120743
0.064187
0.768407
0.15245
-1.0661
-0.673829
0.623106
0.97376
-0.914173
1.82631
0.3259
-0.565323
-1.32614
0.897362
1.88198
0.425719
-0.343189
0.444539
-1.41319
-0.144414
0.82419
-0.767838
-0.0552913
1.5467
2.45668
-0.128763
-0.00805021
-0.889002
0.359424
1.69887
1.43317
-0.719346
-0.668583
0.446598
-0.358733
0.107822
-1.07145
-1.31538
-0.0284473
0.351529
0.946182
0.492479
-1.53031
0.327654
0.0264003
-0.356141
0.654156
-0.770421
0.336913
-1.67679
-0.944935
-0.438759
-1.39944
0.035869
-0.222539
1.00199
1.73486
1.39052
-0.710815
-0.427864
-1.39114
-1.83248
1.76703
0.268106
1.73408
0.88532
0.351546
-0.960067
-0.327449
-0.0773091
-0.52795
-1.01072
2.96283
0.405586
-1.5585
-1.1546
-0.263046
0.579886
0.514513
-0.410759
-0.148333
-0.634597
-1.07801
0.0389106
1.11801
1.35669
-0.985787
-1.06283
1.17183
0.595357
-0.0967424
-0.860821
0.251406
-0.274134
-1.42525
0.773568
-1.2765
0.24497
0.566659
-0.0574636
0.313014
-1.09378
-0.317003
0.172427
1.54268
-1.59239
-0.0657004
-0.290416
-1.33691
-2.51321
-0.853949
0.915638
-0.730104
1.21236
0.52517
-0.0668934
-0.0216399
-0.54471
0.636882
-0.721998
0.359879
-0.887233
-0.434089
1.09303
-0.0375406
-1.74679
0.219704
-0.97495
1.76221
0.456372
-1.30951
0.178052
-0.224687
-1.42582
0.742831
-1.41263
0.107778
0.966629
0.491046
-1.61127
0.292554
-0.0296615
0.59501
-0.880211
1.65916
0.403382
-1.19544
0.0233119
1.18966
-1.68796
0.438897
0.236499
0.193981
-1.08704
0.869152
0.536731
0.493242
-0.176169
-0.551562
1.05471
0.826601
2.14398
-0.998711
-0.0503507
1.48621
0.243979
0.804484
-1.63319
-0.0377575
-0.234427
-1.8997
0.627143
-0.76004
0.829823
-1.03925
0.611213
0.976753
2.03682
0.327121
-0.756552
-1.2001
-0.464309
-0.164034
1.01089
0.0426008
-0.326312
-1.30952
-0.61561
0.540376
-0.998572
0.583814
-0.328608
0.364132
0.545578
-0.220472
1.05361
-0.409667
-1.05184
1.99667
2.06207
-0.684919
-0.0344481
1.34049
-0.00953379
0.971368
-1.75758
-0.943491
1.21568
0.711363
-0.242414
-0.850324
1.07118
0.130993
-0.720567
-0.98723
-0.381238
-0.0167798
-0.948282
-1.9039
-0.552336
-0.179684
-1.7537
1.28406
-1.11334
-1.37019
0.809167
-0.945143
0.875081
0.0800409
0.814827
-0.938836
-1.46448
0.123897
0.338109
-0.564721
-0.151879
-0.790199
1.46244
-0.216507
-0.472913
-1.1049
-1.27363
-0.710267
1.11763
-0.781587
0.90792
1.34611
0.605086
-0.846904
3.10998
-0.454891
0.821425
0.252528
-0.732045
-0.341554
-1.20811
0.410767
-1.17451
-0.435344
0.594723
-0.134567
0.621869
-0.906571
-0.327689
-2.31048
-0.343725
0.219797
1.1706
1.62904
0.547354
0.0964421
0.0712056
-0.340836
0.324995
-1.12615
-2.11544
0.762859
2.20012
2.16782
-0.727114
0.0732924
-0.527038
-0.319085
1.57561
-2.15361
-0.665614
1.80066
-0.176277
0.64079
0.825306
1.6413
0.880666
-1.58105
-0.37997
-0.0794458
0.79253
-1.36687
1.77213
0.737561
1.40231
0.881344
-1.05814
2.45012
-0.682709
-0.154571
0.80781
0.129528
0.841496
0.00899539
0.265292
-2.33828
0.0973772
1.12131
0.929923
0.653047
-0.0142382
-1.22857
0.247917
-0.427099
-0.256878
0.595961
0.554793
-0.0158142
-0.896383
0.566426
-1.00547
0.809178
0.511156
1.04113
1.1141
0.0170722
0.193441
1.24844
0.593773
-0.704682
1.93761
-0.744061
-1.12032
0.0816309
-1.47112
0.388961
-0.349192
2.28329
0.449406
1.03057
0.403814
-1.28852
-0.750329
-0.928014
0.343252
0.114319
-0.797649
2.27675
1.03044
0.706454
-0.491035
-0.386961
-1.25107
0.331075
-0.511851
-0.642659
0.566581
-0.162309
0.808203
-0.318031
-1.09833
-0.29086
-1.20043
-1.90398
0.535272
0.775759
-2.03776
0.789605
0.261346
-1.05964
-1.83533
-0.0956336
0.718933
-1.64418
0.690352
-0.221935
0.186369
0.280316
-0.261949
1.11173
-1.46387
0.726353
-0.577721
-0.0940904
-0.252026
-0.582935
1.22322
-0.870204
-0.613408
0.191607
-0.208289
-0.644106
1.13675
-0.545856
-2.04203
1.37327
0.772354
-0.858775
0.395538
0.0430071
-1.45014
-0.10281
0.769856
0.608263
0.186453
1.44658
0.442832
-0.616181
0.562892
-2.02546
-0.441466
0.8103
2.02243
-0.446381
0.174292
-0.964435
-1.11673
-0.533977
-0.273689
1.61597
-1.95692
-0.378523
-0.343088
-0.0759767
-1.13464
-1.19115
-0.420896
0.860785
0.360739
0.39825
-2.2171
0.170729
-0.0291339
0.969953
-0.357189
-2.27103
0.181081
0.083504
-0.581816
1.79834
0.219698
-2.01016
0.835419
-1.22653
0.153225
-1.62631
0.943178
0.397685
-0.453909
0.763102
1.30996
-0.809458
1.30605
-0.578432
0.539492
1.44521
0.756208
-0.230666
0.00758583
-1.41904
1.30564
-1.18088
0.379083
2.70578
-0.484609
1.23
0.975355
-0.690765
0.306165
-0.199679
-0.405482
0.778314
-0.255384
-1.10329
-0.365595
-0.219836
-0.748481
0.0679958
-0.232869
0.524998
0.285258
-1.24081
0.108342
1.51694
-0.925567
-1.40857
0.76201
-0.449407
-1.15319
-0.545808
1.09164
0.693431
1.70428
0.0734774
0.870587
-0.73048
0.27297
0.563867
0.516626
-1.60478
-2.25569
0.129456
-0.543827
1.18481
1.59131
0.242565
-0.0138968
0.329167
0.721008
-0.0219597
0.349919
0.647182
0.0827293
-0.374117
0.283834
-0.786858
1.61106
-0.4377
0.869583
0.924385
-0.656603
1.2882
0.242184
-0.775112
-0.920887
-0.135281
0.267626
0.813918
-0.931738
-0.675746
-0.0992527
0.85957
0.638517
0.192373
0.0237663
0.70993
-1.72462
-0.0254379
0.9479
-1.121
0.515852
-0.135925
-0.776315
-0.512195
1.17347
1.05395
-2.5749
0.923644
0.295258
0.888787
0.957066
-1.71647
1.35848
-0.419427
1.79411
-0.489882
-0.171607
-0.451963
-0.69007
-1.13094
0.821284
1.25019
-1.36511
0.289421
-0.181513
-1.5543
-1.31214
-0.131392
0.18503
-0.0362483
-0.934301
0.929192
-0.868991
-0.536865
-0.0810942
0.57003
0.268481
0.0161234
1.3853
-0.489685
0.132719
0.241663
1.92541
-1.44036
-0.805543
1.79616
0.55441
1.12601
0.815966
-0.0356274
-0.296685
1.42072
1.27742
-0.247799
1.47426
0.570289
-0.796504
1.52018
-1.1549
0.132681
-0.69487
0.435484
0.979584
-0.330975
-0.0307266
-0.182679
-0.0363682
-0.105824
-0.568553
1.32451
-0.880391
2.14704
1.8455
-0.0507855
0.920636
0.716283
0.982541
-0.0180272
-1.21549
1.10908
-0.393142
0.856337
0.515311
0.926153
-1.22566
-0.953523
0.596704
0.56335
-1.76903
0.0914843
1.60536
0.200039
0.383268
-0.0888693
2.38576
-1.1962
0.281876
-0.665026
-0.945614
0.367007
0.89026
0.265744
0.884645
-0.926186
-0.445365
0.363312
0.321173
-1.90304
1.68813
-0.768203
-0.105255
0.463459
0.126619
-1.20538
-0.802178
-2.27782
0.547174
-0.0229597
1.37245
0.109519
-1.2445
-0.627489
-0.329357
-0.49636
1.93472
-0.00124802
-1.16217
-0.921122
-0.0525935
0.244165
0.358405
0.677508
-1.82901
-0.416286
0.212372
1.0633
-0.489605
-0.808117
-1.42946
-1.66495
0.693002
-0.870982
1.2017
-1.39753
-1.46834
-0.131632
1.43285
0.186503
0.309367
2.1262
-2.17583
-0.0198459
-0.62132
-1.33514
-1.07397
-0.225155
-1.25048
-0.273071
0.92324
-1.35309
-1.35848
0.533312
0.268628
0.117397
-1.44372
-0.681047
2.15869
0.86439
-0.266913
-1.60836
-0.446638
0.0173302
-0.89146
0.059231
0.650659
0.191415
-0.425953
-0.131599
-1.49192
1.36997
-0.815097
1.09276
-0.785466
-0.866114
0.99421
1.87329
0.857191
-0.508903
1.02381
-1.105
-1.46059
-0.643148
0.212223
-0.0903149
0.339865
1.36128
-0.278788
-0.0787982
-0.440122
-1.77341
-2.42882
-1.06341
0.485298
-0.258947
0.0101735
0.749848
0.567961
0.347189
-1.26268
-0.264941
0.240622
-0.0205221
0.551582
-0.389668
-1.99203
0.276516
0.385789
0.31005
-0.733224
-0.145405
1.00524
-1.01763
-1.37573
1.45546
0.941483
-1.23219
0.0656805
0.438759
0.936475
-1.36681
-1.28896
0.600162
-2.22832
-0.355753
-1.30495
-0.391963
-1.44027
1.34577
-0.506751
-0.180817
-0.673655
-1.31755
1.2758
-1.57519
2.57272
-2.28061
-0.863293
-1.63196
-0.0596761
0.249965
-0.275466
-1.3688
-0.307953
0.380631
0.28989
0.379095
2.15541
-1.31663
0.378924
-0.712378
-0.200672
1.9039
0.805712
0.481742
0.980002
-0.18189
0.479851
0.378574
-0.217181
1.28702
0.113106
-0.665668
-2.16029
0.533653
0.847294
0.70317
2.08587
0.357335
-1.11197
-0.111057
0.248345
0.37098
-0.916869
-0.638766
-0.192742
0.526288
-2.19978
-0.301582
-2.3459
-0.214041
0.407342
-1.13663
0.528135
2.39774
-0.0685731
-1.93091
1.1095
-0.136906
-0.351981
-0.588269
-0.0839624
-1.75885
0.255156
1.86411
0.517855
0.526202
0.991644
0.296385
-0.232141
0.560405
0.881446
0.342348
-0.263481
-0.66199
0.100521
-1.72508
0.820762
-0.612424
0.191444
0.25769
0.689876
-0.394683
0.436863
0.766853
0.241353
-0.323891
-0.197669
1.14432
1.48959
0.54871
1.06339
0.643648
-1.89172
1.00781
-0.188221
0.480516
0.851318
-0.144
-0.858946
0.279163
-0.230398
-0.731327
1.54392
-0.0943235
1.74592
1.77382
1.22694
0.416098
1.2894
-0.161945
0.0716662
-0.0719599
2.15927
-1.46511
1.31433
-0.0615839
-1.47018
1.11895
1.23709
0.945271
-1.35117
1.07982
0.0828596
2.09664
0.926697
0.0928557
0.481348
1.22667
-0.49385
-0.944148
1.08585
-0.830563
-0.879307
0.906631
0.656726
-1.66429
-0.0950587
1.37366
-1.62111
1.48931
-0.961617
0.633718
0.489148
-0.447689
-1.05237
-0.151402
0.804875
1.54544
1.64946
-1.29165
-0.721164
0.491126
-1.74425
0.0600292
-1.02803
0.720119
-0.113732
-0.158863
0.48931
-1.13787
-0.850787
-0.14427
-1.02827
-0.255535
-1.27131
0.329649
0.275114
0.919824
-0.517118
-0.251065
-0.533783
-0.816742
-0.938818
0.0950594
-0.414488
0.722295
0.0916469
0.217552
-0.404088
0.330212
-0.913774
-0.0142101
-1.06329
0.56858
0.336778
1.03645
1.0264
-0.61735
-1.1911
-0.0065036
0.703818
-0.456248
0.699776
-0.757147
0.164799
0.908204
-0.640379
-0.120035
-0.013654
0.264182
-0.687317
0.540924
-1.09883
0.57155
-2.25914
-0.40063
1.26922
2.51697
0.666874
-1.62282
-0.0780641
1.03021
-0.564898
-0.0516163
1.16195
-1.78194
1.39657
-0.405423
-1.04061
0.240343
-0.277334
0.0618043
0.0968272
0.798891
-1.17496
0.0216471
0.398984
0.748442
-0.252457
0.66948
0.615974
0.781948
0.344086
-0.175806
0.463633
-0.511232
-1.31421
0.183382
1.70101
1.45243
1.76513
-0.163151
-0.50169
-0.697957
-1.56915
0.0983703
0.771475
0.890823
-0.0415992
0.130739
-0.516909
0.133208
1.75067
-3.02222
-0.841986
-0.904075
0.655177
-0.695745
-0.768314
-1.28319
0.369182
-0.861882
-1.43823
-0.711517
-0.279735
-0.628358
0.391204
-0.11018
1.45158
1.10195
-0.0184384
-0.521169
-0.29994
-0.0824282
-1.06356
1.33756
-0.163865
-1.47537
-0.273735
-1.52984
-1.68313
0.414672
0.85651
-0.376916
-0.404903
-1.16244
-0.800654
0.301586
0.256306
1.37597
-0.391186
-0.124687
0.0434802
0.755547
1.37116
-0.518856
-0.334354
0.52247
-1.45863
0.201045
-1.83497
-2.04591
0.808282
-0.00620922
2.02581
-0.835793
-0.535233
0.805593
-0.569472
1.58579
0.338222
-1.32176
-2.29675
-1.31861
0.370755
0.522065
0.223824
-0.180844
0.473861
-0.217372
1.37948
-0.409711
1.97797
-0.773366
-0.948087
-1.40715
0.964565
1.2009
-0.48051
-1.38884
0.963142
1.14549
-0.178712
-1.26708
-0.360882
0.816159
0.76369
1.52613
-1.38013
-0.857748
-0.837987
-1.73242
-0.551821
-0.328538
-0.268537
-0.613158
0.348433
-0.627353
0.421476
0.70159
-0.274279
-1.68361
-1.73678
0.126469
-0.812319
-0.872201
1.21825
-0.597454
0.343343
1.58143
0.301014
-0.284875
0.0514851
0.402976
-1.0708
-0.37028
0.748622
1.16048
-1.78525
0.73602
-0.124748
1.20942
0.51169
0.0179788
-1.28188
-0.358393
0.421185
-0.0922161
-0.204064
0.648199
0.823295
-0.246986
0.482404
0.328441
0.1447
0.254702
0.78992
0.0280206
-0.0346227
-0.0569083
-0.651426
-0.369966
1.58482
-1.21821
1.49141
-1.59424
1.05669
-1.8052
-2.05818
-0.408356
0.468799
-0.209089
-0.40459
1.07593
-0.643303
0.296716
-0.985249
0.870046
1.97304
1.90109
-0.832727
0.705709
0.200698
-1.01611
-1.97744
-0.75791
0.584019
1.06174
-0.88005
0.741984
0.779018
0.0551402
-0.856674
0.935476
-2.7442
-0.137968
-0.158972
0.601805
0.845907
-1.44615
-0.681401
-0.62362
1.89902
-1.82219
-0.521201
1.96959
-1.65906
-0.666659
-1.22417
0.813893
-0.441146
-2.70773
-0.603214
-1.51646
-1.30374
1.03162
2.00991
1.22325
1.51211
-1.20956
-0.672534
1.75915
-0.859442
0.285118
-1.39419
-0.851264
-0.0332946
-0.34694
1.04084
-0.933814
0.103574
-0.456769
-0.106183
0.679816
0.618133
1.82749
-2.46401
-0.647447
1.06446
1.30187
0.425236
0.0492623
0.176409
0.693404
-1.06865
1.02785
0.710537
0.584129
2.03704
0.543042
0.375698
-3.19286
-0.105579
0.162627
-1.65164
-0.0966821
-1.30825
-1.80855
-2.31057
1.06779
-0.986082
0.0433285
-0.527376
0.867198
-1.09283
-0.520579
0.604548
-0.966135
0.616927
1.4956
0.424069
0.0270788
-0.0196442
0.396337
1.19741
0.347427
0.258022
0.151687
0.656898
0.69956
-0.956873
0.312845
0.800601
0.0888671
0.038061
0.379861
-1.13673
-1.32949
1.01903
0.716281
0.424285
0.264217
-1.0886
-0.615215
-1.19971
0.61635
-1.53827
-1.61798
-0.835624
-0.177814
-2.03263
-0.0265686
0.757163
0.522782
-0.0116992
-1.20931
0.891529
0.580638
-0.752116
-0.889101
1.56914
0.2728
2.15999
-0.153279
0.0957051
-0.671819
0.293172
-0.161549
0.696507
0.246895
0.00167815
-1.54394
2.31922
1.6076
-0.442976
1.22264
1.21213
-0.0909434
0.579105
-0.720063
1.51134
-0.515904
-0.0168015
0.067821
1.32763
-0.718832
1.67852
-0.805321
1.48185
-2.91311
-1.31546
0.709283
-0.863666
-0.941066
0.048756
-0.459539
1.37041
0.406664
0.736911
1.26899
-0.544558
-0.931806
-0.0262304
1.1314
-1.22745
0.156749
1.09192
0.239498
0.268964
0.328212
-0.434587
-0.44054
0.718632
1.08357
-1.04081
-1.08817
-0.226806
0.228931
-0.790508
-0.934348
-1.57401
2.35141
-0.236521
0.980169
1.27236
-0.229154
1.18194
1.19353
0.339729
-0.700417
-1.18133
-0.835523
0.999811
1.62234
-1.05813
0.408088
0.210774
-0.711595
0.372605
2.14888
0.577425
-0.578432
-0.454772
-0.12902
-1.62425
-1.67086
-0.545586
0.909535
0.27534
0.0419563
-0.237138
2.09103
-0.0809944
-0.880465
0.836483
-1.1452
0.653695
1.14687
-0.65162
0.691611
2.10923
1.78409
-0.637318
-0.288427
1.06208
-0.806846
2.40225
-1.16897
-0.664921
1.80331
-0.0244432
-0.520768
0.813191
1.57422
0.321146
0.549152
0.423867
-1.33262
0.816602
0.31964
1.07174
0.162474
0.559931
1.07797
-1.26403
-0.865945
0.131985
0.514454
-0.696007
1.92431
-0.591771
1.72272
0.678878
1.16956
-0.319339
-2.71517
0.4798
-1.27183
0.713763
-0.804433
-1.58752
-0.421792
1.08636
-0.682232
2.01607
0.470871
0.403742
-0.422104
-0.426525
1.60065
-0.265597
-0.205012
1.68508
0.668742
2.37715
-0.864684
-1.06896
0.418918
-0.568951
0.745813
0.565482
0.948485
0.327925
-0.173452
-0.742162
0.267777
1.05183
0.121384
0.660096
-1.13996
0.0127182
-0.0541543
1.12437
-0.851909
0.126416
2.0095
-0.355993
-0.330566
1.04493
-0.868264
0.852628
2.26727
1.41575
-1.46689
1.6748
1.19868
1.71594
-0.251238
1.0251
0.90497
0.0986206
-1.13803
-0.0789563
2.52913
-1.18285
-0.34501
0.0999489
0.389662
-2.78268
-2.33088
-1.19833
0.458418
-0.52774
1.0903
-0.189824
0.480348
0.635954
-1.4446
0.121951
1.41136
0.322037
0.0576201
0.0150928
0.154103
1.43145
-0.267657
0.453753
-0.554989
0.527459
0.202191
-0.552794
-0.791637
0.217808
0.754344
0.487337
-0.444594
0.442974
-0.38285
-0.308366
-1.7984
0.45258
-1.60509
1.71401
0.628225
-0.118645
-0.748449
-0.0185257
-1.08061
0.691487
-0.329168
0.0483397
-1.81455
-1.80554
2.00182
1.5221
1.97524
-0.93574
0.345255
-1.16754
-1.59716
-1.07362
-0.543187
0.2352
-0.426225
-0.481557
0.541516
0.401353
0.399638
-1.80426
-0.158208
0.931115
0.734802
-0.330788
0.693844
-1.56527
-0.382623
-0.509129
-0.415184
-0.159953
1.75284
-0.730309
-0.00839442
-1.75571
-1.91647
0.209548
-0.0464554
0.437418
-0.576532
-1.08497
-1.64681
-0.869309
-0.664132
0.0811553
0.396243
-0.485428
0.147521
0.394307
1.00525
0.67572
-0.50814
2.0763
0.841784
0.236287
-0.0840023
-0.184507
0.700093
0.0547987
-0.983854
-0.832071
-0.775222
2.13531
-0.329748
0.930315
-1.15358
1.7187
-0.456712
-1.52129
-0.262671
-0.00558017
-1.16007
1.83462
1.81894
0.473992
-0.949826
-0.894488
0.0637049
0.225506
-1.19162
1.58274
-1.17962
0.296889
-0.422287
1.38772
2.2288
1.02524
-0.13217
0.115904
0.787628
1.10134
-0.605977
0.448045
-0.129152
-0.54069
1.0087
2.40541
-0.757118
-0.408559
0.512199
0.675515
0.963886
-0.446174
0.640141
-0.440004
0.986932
-0.934701
-1.61567
-0.0421553
1.32212
0.331813
1.45047
1.56317
1.64759
0.293569
-0.267023
-0.325156
-0.3942
-0.594606
0.176903
-0.337093
0.671532
-2.5979
-0.43826
-0.945789
-0.448466
-1.24844
-0.0146408
1.55376
-0.555783
1.22613
0.560492
-0.48033
0.46235
-1.98213
-2.3284
0.163661
-0.0620837
-0.0776238
0.235763
0.15818
-0.279351
1.42346
0.502712
0.476368
-0.801908
0.377484
-0.562363
-1.45179
0.504172
-0.0546557
1.19344
-1.16092
-0.967676
0.470964
-0.1013
1.21673
-1.68681
-1.35971
-1.00588
0.154215
1.57277
0.269321
-0.486498
0.326994
0.664737
1.21244
1.29053
-0.320611
-0.917905
-0.219949
0.107995
-0.035011
0.0266253
-0.927789
0.77862
0.799113
0.582072
-1.23846
-0.208301
0.32095
-0.294129
0.602541
0.35409
-0.699532
1.30264
-0.667501
0.200536
-0.656152
-1.72397
0.875067
1.03372
1.88989
-0.017982
-0.516478
-0.159275
-0.172519
1.17658
0.502246
2.04129
-0.950537
0.645316
-1.27426
-0.490151
0.422916
-0.503049
1.76955
-0.679915
0.866552
-0.00871178
-2.3645
0.112997
1.68339
-0.247055
0.714722
0.0830667
-0.411298
0.735285
0.223939
-0.386443
0.486134
1.17606
-0.186407
0.578805
0.119944
-0.0127867
1.41964
-0.46871
1.70489
-0.0395416
-2.1571
0.137949
0.557073
0.239953
0.961868
-0.526184
1.28805
1.21402
0.625985
1.70459
-0.59583
-0.887206
-0.600325
-1.93926
-1.59426
0.0393516
0.111816
-0.254249
0.572249
-1.19185
1.12387
0.272902
0.199134
0.450291
-0.151336
0.990277
-0.140262
0.932233
-1.7622
-1.83355
3.18485
-0.910891
-1.14728
-2.11972
-1.47797
1.34585
-0.0962138
0.267802
0.90432
1.64222
0.137285
-1.51597
-0.072098
1.54648
0.566692
0.198696
-3.05638
0.00667297
1.09126
0.0228102
1.11166
-1.69487
-0.243393
0.621498
0.130227
0.33032
0.700327
-0.493899
0.652331
-1.07856
-0.736707
-0.665838
1.58446
0.258064
0.591061
0.814318
2.73657
-0.887484
1.38387
0.0480604
1.86565
0.181086
0.923565
-2.44849
-1.18522
-1.27842
2.05153
0.533013
-0.645954
0.011107
-0.644117
-1.74205
-1.19305
0.927262
-1.65248
1.81603
0.390894
-1.64719
0.65073
0.0486083
-0.542969
0.310151
1.10841
-0.446912
-0.543413
-2.14513
-1.25064
1.52755
1.54589
-1.06495
-2.79753
-0.0818756
0.373551
0.0157842
-0.47991
-2.64935
-1.4245
0.909364
-0.842178
0.111592
0.819907
-0.177706
0.188567
-0.0678224
-0.471026
0.540947
-0.206362
0.566004
-1.09294
0.295713
-0.297648
1.33436
-0.219337
0.822415
-0.311028
-0.665206
-1.30586
-0.922332
-0.542103
0.0822299
-1.0661
0.821304
-0.487925
-1.26775
-0.828223
0.414027
-0.135144
-0.987226
-0.431753
-1.01492
-1.50212
-0.434255
-0.0217913
0.244058
-0.0152697
0.22649
-0.4581
0.0576484
0.251397
-0.476424
-0.133994
1.64208
0.987783
0.286159
-2.17533
-0.581149
1.4845
0.105287
-0.258232
0.199698
-0.889868
-0.500921
0.0237822
-1.33225
-0.246539
-1.18311
-1.02304
1.09441
1.27702
-0.908248
-0.170878
-1.60654
1.00108
0.46924
0.643637
-0.933438
0.343621
-0.333653
0.30219
0.519058
0.601156
0.433553
0.290095
0.707532
0.217805
1.63506
1.05554
-1.55827
-1.22478
1.37185
1.3855
-0.613364
-0.527343
-0.156989
-0.645423
0.88098
-0.524884
2.39915
1.30749
-0.837708
-0.53676
1.4992
0.0565197
1.86544
2.18767
-0.380709
2.6376
1.74939
0.854559
2.6194
0.990291
1.80793
-0.00293924
-1.38681
-0.837595
-1.34303
-0.217435
-1.81451
-0.846496
-1.32307
-0.75677
-0.242484
-0.144457
0.0556041
2.31474
-0.437085
-0.671732
0.528428
-0.919388
-1.16264
2.11456
1.52242
1.02288
-1.02004
-0.301677
1.05771
-0.204044
2.45483
0.410269
-0.922534
0.289911
-0.338684
0.247023
-0.254278
-0.503068
0.62663
-0.259499
-0.10927
-0.152829
1.07537
0.520248
-0.25665
-0.0596005
0.809543
0.641621
2.31183
0.413955
-0.333831
-0.692686
1.16261
-1.59456
0.495982
1.47767
0.35878
-0.173958
1.27329
0.78615
-0.405975
-1.14508
0.254584
-0.754359
0.758969
2.0583
0.992119
0.202372
0.735817
-1.28471
-0.849431
1.11871
-1.25918
-2.77719
-0.673802
-0.135933
-0.116897
0.355204
0.392823
-0.604809
1.85435
-0.434444
2.15897
-1.54988
-0.109169
-0.290287
1.06658
0.957024
0.506817
-1.24794
1.02313
1.77938
-0.197038
0.184003
-0.283456
-0.37928
0.567724
-0.218265
0.403479
0.767826
-0.486163
1.59211
-1.66594
0.564798
1.22332
0.0080918
-1.44422
-0.0837169
1.27016
-0.755128
-0.805996
-1.76716
-0.443362
-0.580333
-1.04664
-0.176246
-0.798514
1.22514
-0.371346
1.20206
-1.80747
0.326929
-1.04921
0.0797921
-0.459441
-0.165996
-0.0317581
1.61335
2.2088
-1.14623
0.220929
2.29999
-0.665331
-2.24101
0.115967
1.56159
0.568238
-0.760698
-0.370846
0.00291934
-0.841992
-0.475383
-0.91263
0.200919
1.01844
0.108519
1.29411
-0.0215469
-1.25325
-0.569601
-0.475051
-0.364421
0.0019074
1.89448
0.936012
-0.601535
-0.225257
-0.761471
1.26934
-0.199211
-1.35506
-1.58977
-0.132456
0.289165
-1.0535
-0.8496
-0.87552
1.53753
1.61178
0.147424
-1.56209
0.820833
-0.692635
-0.989184
0.719742
0.622373
0.588149
1.44024
2.45308
1.6521
-1.79302
-0.71123
-0.155794
-0.625026
-1.61928
1.20891
-1.01864
-0.244774
-0.164297
-0.619273
1.01983
-0.281684
1.69589
0.149972
-0.212406
0.114348
-0.839014
0.0226688
-1.08509
0.854218
-1.06935
0.266174
-0.238937
0.109534
0.94622
0.587953
-0.708846
-0.626245
-0.31003
1.13722
0.793421
-0.943383
-0.287669
-0.278541
0.964636
0.232317
-0.460803
-0.933825
0.350839
-0.0228544
0.594014
-0.661691
-0.652021
-2.40294
-1.73665
1.80979
0.575079
0.781721
0.082497
-0.601219
-0.0418401
-0.147522
-0.0984128
-0.112423
0.300502
-0.832597
-1.07484
0.717801
0.617962
-1.24244
-1.88606
1.09868
-0.265487
0.348123
-0.0348042
0.600272
-0.0474043
-1.75337
0.30758
-0.855717
-0.745173
-0.682071
1.05876
0.39216
1.34522
0.746273
0.620617
-0.734069
0.146671
1.40922
1.45604
-1.46597
-0.00912862
0.221306
0.886224
0.529216
0.929628
1.71867
0.0151805
-1.89373
-0.791711
-1.15735
0.370822
-0.347434
0.920381
0.306381
-0.415855
0.565727
1.40259
1.43234
-1.85811
-0.0112174
-1.05646
0.565831
-0.37296
-0.453569
-1.96341
-1.99602
-0.177719
-1.17141
-1.47662
-0.553736
0.0752648
0.44501
1.18309
-0.955265
0.60856
-1.19602
0.439497
-0.894528
-0.606413
-0.896126
-0.614081
0.516627
-1.58879
-1.74699
-0.558545
1.48749
-0.237818
0.606986
2.10956
-0.964668
0.685187
0.619733
-0.60892
-0.317728
-0.514646
-0.830041
0.422481
0.902625
0.176288
-0.0786634
-1.08047
-0.673879
-0.795781
-0.585064
-0.192429
0.124619
0.130249
-0.888161
2.45595
-0.338333
0.320129
0.0777158
0.354877
-0.308112
-0.341715
-0.101331
-0.352638
-0.598212
2.06516
1.21637
-0.879075
1.29938
-0.624918
-0.0188016
-0.561413
1.53367
-1.18043
-0.845459
-0.419741
-0.392241
-0.68882
1.39098
-0.947212
0.896073
0.604521
1.86044
0.000885366
1.21307
-0.707709
0.170648
-0.937112
0.885074
-0.127759
-1.43634
1.65675
-1.84712
0.548818
1.02557
0.275219
-0.730348
1.32498
0.759108
1.16373
-1.21974
0.206391
-0.0896512
-1.50897
0.950256
-0.20123
-0.10351
-1.73175
0.799435
-0.715497
0.0781239
0.61613
-0.377506
0.388321
-1.19557
-1.30704
-0.445226
0.141086
-0.660781
-0.743407
-1.45454
2.52526
0.939829
1.58625
-0.0906869
-0.698016
0.061445
0.209578
-0.0864703
0.316828
-0.820722
1.20346
0.339355
-0.38946
1.44043
-0.119442
-0.350696
0.612033
0.274671
-1.258
-0.577337
-0.272249
-0.540315
-0.756618
-0.675641
-0.394403
-0.820518
1.43205
0.151908
0.372679
0.952242
-2.18754
-1.07346
0.286838
2.28377
-1.30848
0.000421756
-1.27932
-1.9161
-0.759647
1.86635
-0.251889
-0.380966
-1.56589
1.99012
-0.829007
-1.69944
-1.81085
-0.425524
-1.15167
-0.0697245
-0.977485
-1.82196
0.263104
-1.07717
-2.55419
-1.94708
-0.91351
-0.162206
1.07798
0.887512
-0.632628
0.191001
-2.42076
-0.766296
-1.56291
1.10268
0.893562
0.0665007
-1.19616
0.246767
0.127306
0.462954
1.37208
-0.0801651
0.0121079
-0.0427265
0.46483
-0.728442
0.439504
-1.12247
0.420576
1.57292
-2.37049
0.210362
1.58301
0.902245
-0.534973
-0.591061
0.75951
-1.15022
0.948251
-1.40991
-0.833876
1.46279
-1.29537
-0.951779
0.502774
0.0850481
-0.00322676
0.381113
1.09146
-0.32203
0.595906
-0.444233
-1.28691
-0.769841
0.371147
0.0981035
0.619096
-1.17006
0.027525
0.0742633
-1.79774
0.329397
-0.29039
-0.389194
0.845476
-0.106614
-0.879451
-0.526807
-1.21828
-0.0625722
0.300519
-0.237828
-0.252212
0.459635
0.738375
0.438103
-0.278479
0.685764
-0.591895
0.351368
-0.476734
0.128983
0.246024
1.26453
0.122833
-1.14258
0.238614
-1.27948
-1.0575
0.534142
-0.539291
0.936566
-0.0559866
0.881559
1.05531
-0.92201
0.454949
1.87459
0.599051
0.847852
0.305407
-0.138531
0.412305
-0.590815
1.96883
0.813034
-0.877003
-0.785824
-1.13537
0.00132639
0.351648
-1.51693
1.0751
-1.35135
-1.35354
1.20698
-0.654218
0.542964
-0.762504
0.908416
0.104165
0.494272
0.773302
1.14284
-0.513302
-1.96269
0.0160819
-0.73445
-0.535744
1.38471
-0.479123
-0.0914086
0.234842
-0.290507
-0.122382
1.2389
-1.26487
-0.0129552
-0.0202206
1.92818
0.126892
0.289149
0.789929
-1.01403
1.93931
0.830042
-0.100785
0.31389
-0.756856
0.379815
0.545179
-1.02697
0.469714
-1.6707
-0.877998
-1.25957
-0.236668
-2.20884
0.349869
-1.07619
1.04915
0.757482
1.44613
0.578088
-0.143669
1.47981
-0.940602
0.115379
-0.712483
0.161094
-2.38166
-1.3244
-0.146135
-0.361151
0.434421
-0.51842
1.21095
1.52561
1.45952
1.65988
2.37431
1.34161
0.337873
0.129164
-0.969876
0.246961
-0.200575
0.551664
0.298307
1.32232
1.11749
-0.185026
-0.48006
-0.326108
-0.754328
1.19671
0.66655
0.0900142
-0.468898
0.849426
-0.0488951
0.162563
0.689083
1.25579
-0.579386
1.19374
0.592695
0.98138
-0.380464
-1.33071
-0.508457
0.0267835
0.635494
0.33105
1.34432
-0.443871
0.92195
-0.101183
-0.192514
0.540541
-1.02134
0.227496
-0.56471
0.657934
1.14441
0.0198749
2.37518
-1.65126
-1.01698
-0.249605
0.933851
1.21357
0.202975
1.10313
0.263307
0.87498
0.23028
0.758441
-0.412334
0.0525026
-0.0103658
-0.927948
-0.0539695
0.983624
0.140214
-0.0637786
0.690161
0.455431
-0.519791
-0.270985
-0.197834
-0.343028
0.344104
-0.608441
0.920941
1.94019
0.366443
-0.226454
0.726399
-1.07592
1.04886
-0.951439
-0.0437337
-1.19474
-2.23806
2.26783
0.298555
-0.392028
-0.646864
0.250382
-1.3936
-0.282025
-1.03871
1.02616
-0.604863
-0.890512
1.37165
0.647696
-1.05785
-1.60812
0.0375197
-0.610552
-0.38161
0.705428
0.656788
-1.87851
-0.595197
1.43806
-0.0368172
-0.657806
0.803033
1.51644
-0.47198
-1.29749
-0.0290722
-0.713168
1.20689
-0.567632
-0.885756
-0.481963
-0.78339
0.500234
-1.0796
-0.387745
-0.597536
-0.796906
-0.378854
-0.0625018
0.85061
0.522084
-1.15471
1.5264
1.27927
-0.137928
-0.426035
1.66308
0.29778
-1.20276
0.461449
-0.771506
0.183265
0.230172
1.31336
-1.89299
0.819474
0.97455
1.11223
0.479149
0.961911
-1.64019
0.419552
-0.97795
0.259589
0.397182
-0.197227
0.426818
0.00211229
-0.799115
0.188317
0.628527
0.772321
-0.0277896
1.31833
-0.0974463
0.580856
-2.09645
0.443005
1.17979
-0.0756087
0.830454
0.218838
-1.03436
0.50223
1.16746
-0.149084
-1.17456
-0.083047
0.154384
-0.276396
0.735424
-1.22313
-1.2076
1.0047
1.46957
0.825236
1.39446
-0.749396
0.812238
-0.430856
-0.131309
0.420687
-0.276788
-1.62509
-0.184678
0.236287
-0.28971
0.180209
-0.905857
0.42859
-0.475185
0.453196
-1.78855
0.453338
0.787153
-0.439663
0.324692
1.36133
-0.501839
0.197277
1.32072
-0.942386
1.36244
-1.35845
1.27209
-2.30374
1.64139
-1.60181
0.605152
-0.771657
0.652786
0.773482
0.567894
0.298211
0.763998
1.02514
0.628164
-0.28225
-0.00557067
0.631547
-1.84672
-1.40645
0.848058
-1.6313
0.65087
1.69173
-0.29654
-0.448822
-0.0753702
-2.06265
1.81856
2.07853
-0.599163
-0.618045
-0.650006
0.173621
-0.842498
-1.30694
-0.106683
0.995421
-1.40634
1.45439
1.24136
1.47512
0.163016
0.00564177
1.05942
1.12369
0.158424
-1.00214
0.2406
-0.384539
-0.522167
-1.2228
1.56559
0.415756
-0.782265
-0.8112
-0.443304
-0.771852
1.28489
-0.640349
-0.0985915
2.50602
1.69488
0.334869
-2.13703
0.962802
-0.0611469
-0.304889
0.38198
-0.523619
-0.00106866
1.89813
0.269371
-0.545747
-0.335014
-1.53598
1.37546
-0.228116
0.627248
0.759773
0.286852
-0.131628
0.533331
-0.733838
0.352584
1.01544
0.753593
-0.336163
1.1394
0.467687
-0.559207
1.51993
-0.0875221
-0.645298
0.33557
-1.61459
-1.90008
0.139494
1.14031
-1.15406
-0.447092
0.6665
-1.11576
1.51637
0.146163
-0.822521
0.111771
0.0828801
0.161833
-0.228621
-0.273678
-1.15911
-1.10016
-0.884382
0.188039
1.34939
-1.2383
-0.619537
0.628962
-0.447435
0.019212
0.497938
-0.703749
-1.02438
0.49778
-2.27192
-0.100567
0.215168
0.135537
0.052398
-1.1374
-0.0821455
0.684671
0.745307
-0.031133
-1.13118
1.76953
0.027089
-0.816973
-0.197429
1.26885
0.048803
0.179515
-1.32659
-0.444526
0.650024
-2.26133
-1.86252
-0.146165
0.650701
0.479094
0.0269677
-1.90791
0.140086
0.3406
1.07139
0.237867
-0.788901
-1.28288
-0.950734
0.446585
-0.116289
-0.0683066
-0.898476
0.332422
0.160227
1.41796
-0.43264
-0.435576
1.38219
-0.552423
-1.22647
2.03211
-1.00886
-0.369291
-0.889451
1.20899
-0.175815
-0.220942
-0.300549
-1.78243
0.360724
-1.30022
0.982616
-0.697472
-0.247554
-0.985476
0.196346
-1.02496
0.386311
0.878167
-1.30447
2.07213
-0.185641
-1.68703
0.415633
-1.53068
0.929755
0.44088
0.24335
0.838628
-1.30249
0.352215
-0.850647
-0.30339
0.164404
-1.09398
2.6817
-1.08956
1.11482
0.516713
-1.75008
-1.37039
-1.97327
1.20389
-1.31139
-0.050151
-0.0259943
0.219732
-1.11769
1.32787
-0.493714
0.431192
0.565346
-1.18439
-0.72967
-1.15987
-0.655349
0.218401
1.9698
-1.38742
0.369768
-1.10203
0.453379
-1.27164
-0.474107
-0.757959
0.260777
-0.707508
0.827823
0.588822
-1.95835
1.27983
1.06284
-1.06415
-0.80107
-0.894071
0.665031
-0.797571
-0.527011
2.28292
1.28408
-2.52655
-0.911615
0.433618
0.707366
-0.882612
0.281327
-0.0674129
-1.17413
0.853531
-0.499989
1.57829
0.7348
0.467983
-1.65875
-1.46534
-0.296484
-0.305386
0.171497
0.886496
-2.97943
-0.308685
-0.258138
-0.814292
-0.565304
0.705135
-2.75657
0.333806
-0.349732
0.633654
-0.865206
-1.70459
0.728461
-1.65969
0.383491
-2.26534
1.35367
1.13266
0.233944
-0.412179
1.14495
-0.38867
-0.663168
-0.120784
-0.370335
0.784372
0.848535
-1.59522
0.988433
-0.379455
-0.490104
-0.459723
-0.249282
0.8846
0.355865
-0.772439
0.982732
0.926997
0.920623
-1.24656
0.527136
0.0683443
-0.896933
-1.47525
1.13182
-1.52849
-0.724157
0.763274
0.924896
-0.0367632
-2.74343
-0.848445
0.852545
0.875332
-0.580629
0.93235
-0.321775
-0.259055
0.0210258
0.479503
0.0426933
-0.724753
0.321554
0.774154
0.359003
1.50764
-1.35154
0.918595
-0.815658
1.55292
-0.898412
1.22739
-1.07145
-0.634722
0.689865
-0.423434
0.0262796
-1.5903
0.151632
0.190136
-2.02104
0.922339
0.417082
-0.502394
-0.254745
-0.670083
-0.00346208
0.832146
1.1351
-0.837088
0.724914
1.49072
1.12858
0.248974
-1.88515
-0.474546
0.989454
-0.0334355
1.3653
-0.978048
-0.300675
0.871116
-0.130248
0.668871
0.693816
-0.841246
0.30258
-0.447288
0.781581
-0.834983
1.22683
0.0337604
0.306177
1.46735
-0.00433332
-0.180562
-1.0282
0.83751
0.29072
-0.32075
0.0330601
-0.0946711
-0.883848
1.10728
-0.720665
-0.518285
-0.593427
-0.550358
-0.259075
0.742998
-1.06412
-2.11738
1.34539
-0.488865
-1.50251
1.16002
0.307586
0.0835119
0.551789
0.381961
-0.389132
0.137256
-0.935694
-1.41147
0.159826
-0.260868
-1.47503
1.2884
0.717993
-0.237077
-0.718174
-0.856871
1.2028
-0.934739
0.284854
-1.48497
0.662997
-0.492322
0.317356
-0.170776
0.648368
-1.39652
-0.381906
0.758164
0.0253756
-0.304418
-1.00992
-0.62579
0.0207505
0.408997
0.411835
0.428216
0.946748
-0.701031
-0.440244
0.885992
-1.17703
0.456982
0.0394011
3.00003
0.740763
1.21839
-0.575196
0.560968
1.83553
-0.811134
1.2715
-2.23485
-0.0528517
-1.83942
-0.816849
1.36501
0.0204197
1.65136
-0.288018
-0.0977916
0.297121
0.338716
-1.0819
-1.26233
-0.564109
-0.177726
0.762682
-0.913936
0.212921
-0.981454
-2.0229
-0.521633
0.318407
1.41125
-0.572219
-1.53872
0.616234
0.180186
-0.483031
-0.00276193
2.97249
-0.55317
2.00303
0.00522038
-1.05051
0.991809
-0.40621
-0.341437
0.928721
1.67624
0.0523542
0.421026
0.0852403
0.228048
-0.928191
0.473137
-2.36849
-1.62346
0.438529
-0.218313
-0.95541
1.87914
0.0466136
0.261368
-0.17425
-1.23876
-1.35698
0.222809
1.59931
0.209621
2.29425
-0.0699419
-1.43277
1.09818
0.0490352
0.816891
-0.908321
-1.08459
-0.359711
-0.625169
0.103675
-1.82292
1.24314
0.293788
0.215163
1.68512
-0.552312
-0.995666
-0.433712
2.05801
0.342461
0.644835
-0.147269
2.32754
-0.913305
-0.968139
2.20754
-0.00356228
0.533361
1.35788
0.933223
-1.27123
-0.238189
-0.74852
-0.991669
-0.545155
-1.53362
0.663367
1.50365
-1.14553
0.644294
0.848994
0.546386
0.0833177
-1.63759
0.102326
-0.477994
-0.332247
0.172033
0.0243074
-0.620804
1.00953
0.669671
0.0116545
0.0289527
0.52484
2.21606
-0.711706
-0.196692
0.0496592
1.42316
0.222006
-2.72614
0.916005
0.00548782
-1.19004
-1.27719
0.185342
-1.00324
1.01013
0.0697701
1.18441
0.908775
0.286061
0.272538
1.49861
-0.71262
-1.43255
-0.488573
1.60546
-1.845
-0.993055
-0.140621
-0.399503
-1.5937
-0.491714
-1.00752
0.107013
0.504673
2.16905
0.236239
0.897319
-0.130191
-0.308638
2.02513
0.249031
0.393962
-0.147331
-0.0450641
-0.590946
0.596717
-0.575866
-1.32042
-0.913159
0.663757
-0.344921
-0.465025
1.80951
-0.684079
0.88224
-0.0471017
0.192793
0.432437
0.183075
-0.359016
1.85393
-0.263405
-2.04524
2.06092
-0.529973
0.231944
-0.0563504
-0.918789
0.406568
2.19994
-0.676033
-1.25139
0.235955
0.603644
1.35734
0.295537
-1.31653
0.363126
-0.0741201
1.46133
-1.15471
-1.13399
0.667498
0.0349523
-0.943733
2.57632
1.06866
0.728295
0.726955
0.966544
-0.948189
-0.355811
-0.548775
-0.776018
1.06993
-0.87507
1.98362
0.362903
0.607272
-0.684354
0.839043
-2.00728
-1.81976
1.79881
-0.805471
-0.901663
-0.738878
1.27364
-0.941946
0.474893
-1.69118
-1.38598
0.736638
-1.00118
0.116836
-0.920232
-0.343236
0.389222
0.992983
1.38859
0.393592
-2.06376
1.26294
-0.443372
0.777726
0.107569
-1.48349
0.957052
0.195297
0.49595
-1.3846
0.868786
0.513634
0.478612
-1.35472
-2.9312
-0.750727
-1.48334
-0.293223
-0.0803529
1.34827
1.74283
0.0132017
1.6608
0.324572
1.80162
-1.04422
0.764813
-0.443464
1.14347
-0.614225
1.60827
0.838507
0.298332
-1.25975
0.726301
1.78499
0.747168
1.41649
0.107605
0.173361
-0.361921
-1.01399
1.40141
0.090851
-1.12667
1.23311
-1.36191
-0.017629
0.242969
-0.193293
0.840174
0.732211
-0.470237
-1.27955
0.24897
1.85102
-1.11329
1.03842
0.481975
0.687613
0.448841
-0.660066
0.784646
-0.0688843
0.00676454
-0.369353
0.702759
-0.679455
0.743068
0.398547
-0.910809
0.418695
-0.838151
-1.6845
0.31477
0.863843
0.130278
-0.116183
-1.47497
0.0577933
0.432188
-1.6762
-2.06968
-1.15602
0.791621
-0.522728
1.31653
-2.17511
0.191013
0.768639
-0.467328
-2.13527
-1.42457
1.42619
-1.00064
0.629328
-0.695645
0.1779
-0.507602
0.567852
1.25302
1.05565
0.0134863
0.838708
0.535126
1.55681
0.208678
0.577723
0.136237
-1.49596
-0.177783
-1.48003
0.0357859
-1.68303
-1.32327
-0.389986
2.37295
-0.232843
-0.766283
0.972023
0.131706
0.0695705
2.09573
-1.01092
-1.04519
0.320856
-0.721147
0.0877007
0.901244
0.643452
0.716004
1.03108
1.17336
-0.734829
-1.65408
0.897452
-0.913139
-0.454789
-0.658875
-0.471255
0.000874808
-0.197892
0.0416562
0.188311
0.710679
-0.510451
1.58185
0.249853
-0.616534
-0.541347
-0.0529507
-0.604444
-0.924412
-1.44345
0.115938
1.57586
-0.980246
0.232632
-0.0414198
0.411716
1.4564
1.25003
-0.907992
-0.330903
-1.28858
-1.14149
1.83554
-0.235891
-0.525399
-0.154481
-0.841282
-0.685801
0.646559
0.195562
-0.470664
-0.516253
-3.02503
-1.12727
0.0129503
-0.64226
-1.09397
-0.702681
0.48179
-1.57367
0.850062
0.778161
0.114361
-0.35523
0.258086
-1.54302
-0.120503
-2.41907
-0.56433
1.89316
1.11758
-2.55989
-0.459525
-1.53125
1.97267
0.442949
0.823306
-0.357994
-0.60169
1.00193
0.940288
0.496851
0.119098
0.611833
-1.45746
-1.82551
-0.228776
-1.86944
-0.95283
2.55854
1.10837
0.0780763
-1.15846
0.866941
1.22157
0.569912
-0.0219962
-0.0223592
-1.32297
-0.537747
-1.66303
-1.45062
0.0934183
0.512
-1.01354
0.439859
-2.58105
-1.37846
1.04066
1.33815
-0.597041
-0.147917
1.47228
0.156314
-0.478556
0.341597
1.02817
0.730894
1.01762
-1.73054
0.999919
-0.639464
2.00572
0.398997
0.143325
0.653525
1.06422
-0.824172
1.80143
1.11713
0.0636243
1.27999
0.442608
-1.8659
-1.23034
-0.946415
-0.936963
-0.0474105
0.173398
1.93298
2.59259
-0.276811
-0.434552
-0.582618
1.92317
-0.888857
1.06484
0.552221
1.67891
0.160716
-0.68408
0.513097
0.713893
-1.24551
0.244182
1.39428
0.537663
2.94645
-0.525022
-0.145938
-1.01288
1.39737
-1.10883
1.25325
-0.646973
-0.833797
0.120071
-0.0690437
-0.454563
0.38057
-0.0497423
-0.209441
-0.864124
0.993437
-0.589612
-0.0882376
-0.141776
1.89109
-1.72128
0.883961
0.389642
-0.925403
-0.908175
0.173303
1.03129
-1.28425
-0.943373
0.188959
1.35288
-0.753774
-0.399727
1.30608
0.0218989
-0.479587
-0.433387
-2.42815
0.293028
-0.16844
0.00558249
-1.1305
-0.594611
-0.237541
-0.199836
-0.843606
1.65856
0.128789
-0.244932
0.28401
0.69556
1.15464
0.858769
0.417064
0.0203842
-0.952764
-0.249801
-2.93389
-0.145835
-0.298291
-0.216622
-0.553698
-0.334936
-1.28291
0.610348
-1.24385
2.07492
-0.455058
0.495035
-0.293231
0.987294
0.0916877
0.433992
-0.457449
-0.874571
-0.692883
-0.664704
-0.166044
-0.398325
0.297635
-0.125859
0.828372
-0.778335
-1.46116
-0.11343
-0.446443
0.104616
-0.594019
1.20408
-1.55208
0.599089
0.837408
-0.25019
1.0293
-1.43591
0.562598
0.343021
0.851294
0.19926
0.363044
-0.429983
-1.73976
0.954023
0.972843
0.360953
-1.64239
0.990724
0.370561
0.731347
-0.681495
1.48378
-1.29109
-0.620558
0.355388
0.755414
1.48508
2.31345
-0.375207
0.0435668
0.379261
1.46173
0.830342
0.304092
0.285267
0.580735
0.414361
0.147054
-0.306571
-1.53819
-0.572947
-1.60985
0.293274
-1.32517
0.584386
-2.22267
-0.370201
0.544506
1.17766
0.891455
-0.696325
-0.186689
-0.66882
-0.058157
-0.715537
0.202273
1.82348
-0.752357
-1.44067
1.88662
0.772198
1.28907
-0.872631
0.0141746
-0.446485
-0.26094
-0.384105
-0.232563
0.273583
0.0508293
1.30189
0.825022
0.725571
1.18182
0.97348
1.09046
0.0281596
0.170925
1.02489
-0.27925
-2.03543
0.697727
0.355639
-0.741812
-0.312833
0.106028
-0.226144
0.636298
-0.914803
-1.24337
0.815096
0.701442
-0.327171
-0.843184
-2.11816
-0.943301
-0.484624
1.19689
-0.0203994
0.866681
1.47239
1.53114
-0.530567
0.0881726
1.60858
-1.07488
0.293136
0.247907
-0.588915
-0.834845
-0.651552
-0.166352
1.15358
-1.29913
-0.248458
-0.431486
0.687529
1.04342
1.01082
0.449604
0.0369048
-0.228428
-1.38101
0.396525
-0.573875
0.324395
0.194988
0.245351
0.762683
-0.745573
2.07354
-1.38236
1.21971
0.0343626
-0.270035
-0.0720351
0.168295
0.199221
1.09379
0.147585
1.94209
-0.1234
-1.47561
-0.759005
-1.0179
0.890169
0.412733
-2.29668
-0.774053
1.06558
0.32587
-1.65625
-0.704001
-0.286619
-1.13075
0.227509
-0.908832
0.0792015
-0.473853
1.00551
-0.242864
0.329948
0.654473
0.595161
0.0964345
-0.0988403
-3.39752
2.04707
-1.30633
0.828069
0.461157
-0.509205
0.456944
0.545761
0.392418
0.145403
-0.449599
-0.427815
1.5489
1.70329
-0.25387
-0.111614
1.10421
-0.407116
0.770427
1.1149
1.10695
-0.944074
-0.242886
-1.44088
-2.3741
0.680804
0.86936
-0.600768
-0.491432
0.559468
-0.497853
0.345447
0.452808
0.193741
-1.13862
-1.50239
-0.554298
-0.413752
-1.5833
0.309287
0.394611
-0.0722988
1.9502
2.68356
-0.687479
0.217627
-0.762427
0.304619
-2.78249
0.613422
-1.8414
-2.41892
-1.29023
-0.491468
0.621291
-0.273405
1.2985
1.13965
-1.19279
-0.922528
-0.7536
0.0907914
-1.32495
-0.65291
-0.678671
-0.468196
0.770457
-1.61502
0.0733225
1.15233
-0.809374
-0.358444
-1.14769
-0.300774
-0.286462
-0.741438
0.485267
0.367225
0.799216
0.380144
-0.299839
-0.20162
-2.32918
-1.49849
-1.18399
0.0912029
-1.48676
1.01927
1.72338
0.442494
0.09848
-0.0499707
0.589382
-1.1654
0.18898
0.433889
-1.37569
-0.181929
-2.71366
1.65257
0.235715
1.20252
-0.358139
-1.01872
-0.339961
0.794953
-0.0295307
0.433265
0.0323865
0.193573
-1.46657
1.23759
1.70752
-0.61708
-0.125475
-0.301206
1.28729
0.804229
-0.351231
0.0954265
-1.64308
0.284032
-0.264741
0.317608
-0.0339118
-1.78353
1.42305
-1.66575
-0.124238
0.902406
-0.613109
-1.01662
-0.78713
0.0404749
1.07221
-0.241244
-0.601058
-1.51633
0.0690055
1.24151
-0.237027
-0.854229
-1.17193
0.13771
-1.82689
0.843447
-0.0604878
1.62719
2.02053
-0.691546
1.08417
0.562255
-2.23291
-1.10591
1.04813
-0.876247
1.09399
0.684829
0.658952
1.59506
-0.569641
1.37336
0.0123007
-1.38498
0.616063
0.240882
0.575559
-0.868266
1.32479
0.191689
0.97734
0.101934
-0.831864
0.384054
0.81345
-0.380874
-0.282748
1.32297
-0.609678
-0.696347
-0.697252
-1.3356
0.122412
-0.409163
1.08358
-0.580309
-0.215712
-1.35988
0.667629
1.50833
1.40025
-0.203053
0.721282
0.85039
0.157129
0.110071
-1.86598
-0.690088
1.45768
0.465181
1.64835
1.36188
-0.241999
-1.62563
-0.599633
-0.969629
0.628232
-0.567501
0.399293
-1.31339
0.154008
0.0929045
0.793785
0.298286
0.815202
0.30322
0.338896
0.0767827
0.380208
1.52135
1.25132
-0.121478
0.845009
-1.38825
-0.93332
-1.23394
0.7303
1.44312
0.980904
0.598938
0.713765
-0.445021
-1.04272
0.386461
-0.554829
-0.722597
-0.78656
-0.863137
2.69737
-0.107953
0.855819
-0.356125
-0.881145
-0.622463
-1.42002
-0.75907
-0.372016
-1.02179
1.15558
1.72135
-0.943491
1.67346
0.578052
-0.194235
-0.146676
-0.0260055
1.21436
-2.06016
-0.174062
0.194502
0.642327
-0.173964
0.477564
0.19651
0.223262
-1.03379
-0.518369
0.23996
0.837546
0.264022
-0.726165
0.73847
-0.0532943
1.08893
-0.178576
1.0882
0.547258
-0.671002
0.0989707
-0.723169
-1.34553
1.85744
-2.01842
0.503567
-1.08926
0.451339
0.254324
0.13171
-0.249901
-1.7315
0.666548
0.781769
0.21064
-0.0902537
1.58546
0.256491
1.02246
0.941015
0.267524
-1.47547
-1.41897
0.431684
-1.05336
-0.571201
-0.581348
0.366229
-1.11757
0.287095
-0.194399
0.217431
-0.0487668
0.715487
0.906777
-0.248281
1.65035
-0.170242
1.94311
-2.4669
-0.350715
0.667124
0.0343144
-0.739745
0.891348
-1.23253
-1.54191
0.157552
0.861563
-0.179632
0.0100616
1.10907
0.447528
-1.39159
-0.298805
1.26968
-0.330716
-0.138456
0.796495
1.27179
-0.0497743
0.262049
0.465599
0.324356
0.0368701
0.0681093
1.69085
-2.05865
-0.790096
-0.45593
0.101183
-1.56858
-0.295329
-0.357043
-0.929873
-0.227316
0.737719
-0.350518
-0.221619
1.15713
1.25618
1.22298
0.837191
-1.41827
0.27527
-1.20639
0.471842
-1.31227
-1.43911
-0.104755
-0.920508
0.632173
-1.14831
-0.471686
0.100471
0.409901
0.243807
1.93648
0.181118
-0.951053
-0.927044
0.411273
0.471703
0.8535
0.399681
-0.301049
-0.0799733
0.291096
-1.33399
1.1735
0.338674
-0.645826
2.03386
-0.54115
0.592503
-0.81592
-0.663097
-0.776578
0.841391
-1.31134
-0.593916
-0.74925
-1.16566
-1.80347
-0.849523
-0.452115
1.45503
-0.669082
-0.691895
0.991882
-1.81247
1.16168
-0.72597
0.188347
1.09589
-1.32171
0.127503
-0.993104
-0.577157
-0.961757
-0.967387
1.16878
2.08602
-1.06204
-1.32244
0.0167503
0.813083
-0.2263
-0.0636159
1.2938
-2.07332
1.91319
-1.72709
-0.687918
1.09503
-0.212435
-0.947159
0.00501312
0.033933
0.682671
-0.688041
0.11961
0.481254
-0.277224
-1.29306
1.11077
0.019761
0.233245
1.12988
1.61737
-0.915498
-1.59411
1.87337
-0.474888
-0.333938
0.452586
-0.389081
-0.183468
0.0792374
0.389512
-0.648943
-0.267082
1.82805
-1.83968
-0.227675
-1.44373
-1.77258
-0.171525
-0.453555
-0.292033
0.487053
0.350658
-1.53662
-1.55078
2.04634
-1.04734
-0.0918376
-0.30274
0.868758
1.34837
-0.968309
0.867826
-0.921064
0.785141
-0.258918
0.193308
0.968274
-2.04445
2.31508
-0.170346
0.0817006
-1.75254
1.51224
0.795384
0.93892
-0.566869
-0.0487109
0.47053
-2.38346
-1.12685
-0.289805
0.957123
-0.0474498
-1.50518
-0.486192
0.382929
0.141673
0.124079
0.627458
0.405839
-0.216146
2.50111
-0.982576
-1.64738
-0.531769
0.53518
0.391366
0.661148
1.91405
-0.827388
-1.17809
-1.00168
0.967758
-0.684224
-0.745973
-0.28202
1.26896
0.774287
0.108975
0.159767
0.546125
-0.752018
-0.173792
-1.85328
1.06763
-0.0960248
1.2881
-0.926158
0.0953178
-2.56732
0.72693
0.409269
-0.985169
0.347964
-0.937861
0.41563
1.07801
0.482281
-1.23205
-1.08463
0.226433
-0.849306
-1.90539
-0.29661
0.940567
-1.78802
-0.766072
-0.30983
0.0649916
0.390305
1.92202
1.66623
-0.32155
1.25321
-0.0934457
-0.00145047
-0.851873
0.041826
-2.04482
0.601122
-2.66069
-0.539385
-0.11653
-0.275696
0.124961
-0.999853
1.72193
1.47112
0.00567673
0.966166
-1.70725
-0.477962
-2.20734
1.50291
0.98492
0.251184
-0.295756
-0.232963
-0.921844
1.88126
-1.52686
0.997346
0.278399
0.320131
1.60359
0.343031
0.466419
1.86401
-1.88192
1.0809
-0.593686
0.225699
1.35702
0.505797
-0.10669
-0.595816
1.4252
1.37507
1.23144
-0.0271629
-1.18441
-0.558757
0.0301864
-1.26962
-1.01094
1.23735
0.106291
-0.556471
1.38935
-0.669369
-1.60825
-1.26436
0.414565
0.396471
-0.854212
-1.0458
-0.899423
1.18146
-2.46236
-1.15349
0.0542878
-0.449008
0.00841435
-0.336688
-0.479746
1.2002
1.46341
-0.23617
1.40962
-0.488068
-0.00262717
0.0751093
-0.823864
-0.0511016
2.03892
-0.0240338
0.876008
-0.966758
-0.414661
0.485613
0.693857
1.48425
0.871637
-0.169595
0.315943
-1.26249
1.42931
-1.15271
-0.126917
-2.08006
-0.373399
-2.67378
-0.168574
-1.52553
-0.249205
1.21723
0.881487
-0.261138
-0.428065
-0.391915
-0.586422
0.0957514
0.321069
0.324846
-0.151638
-0.141696
0.31518
-1.04426
-0.435599
0.827383
-0.00719524
0.453954
-1.66786
-1.6117
1.04377
0.416761
1.01033
-0.264252
0.545468
-0.560305
-1.10989
0.406869
1.56026
0.277335
2.44602
0.799849
0.716282
-0.251939
-0.23002
0.0616514
-0.851784
-1.59264
0.104032
-1.37431
2.13792
0.343376
1.03343
-0.19564
0.918951
0.775346
-0.436965
0.140318
0.470882
-1.44322
-0.252443
-0.256088
-0.031467
1.41688
0.726961
0.0196477
-0.809515
0.0468987
-0.523447
1.76795
-0.404101
0.622175
-2.50327
2.2163
-1.5535
0.31254
1.39299
1.15613
-0.397793
-1.10348
-1.12142
-0.136664
-0.36298
1.50244
1.96511
-0.344779
0.216928
2.18075
1.15621
0.150527
0.264093
-1.2185
0.679935
-0.60119
-1.2594
-0.892749
-0.607276
0.410869
0.542816
-2.9382
-0.823908
-1.03483
0.0996343
-1.35305
0.148278
0.140657
-0.476356
-0.0845463
-0.75618
-0.181582
-1.27398
0.873955
0.593921
0.117185
0.193763
1.03245
0.0441643
0.811566
-1.10625
0.575772
-0.492236
0.280934
-2.27536
1.04521
0.102861
-0.368967
1.88566
-0.944947
1.09825
-1.82323
1.74014
-0.605164
-1.48195
0.479126
0.254194
1.07688
-0.019007
1.39731
-0.727599
-1.57398
0.177985
0.984659
0.694156
-1.44434
-0.257212
-0.436387
1.00061
-0.863428
0.586106
0.290181
-0.474765
0.735147
1.14398
0.0278081
-1.73658
-0.670194
-0.537604
0.439512
0.0949793
-1.42905
-1.80189
0.161599
-0.551169
-0.303759
-0.512277
1.04979
0.998984
-0.0459132
-0.0877361
1.05708
-1.37012
0.197321
-0.0166574
1.39811
-0.835858
-0.631784
-1.0148
0.359881
-0.0161625
-1.00952
-0.762249
1.01056
-0.690566
-0.167938
0.0220758
-0.639246
-1.31011
-0.748825
-0.991062
-0.179027
0.638162
-0.465493
0.863656
-0.501787
0.92628
0.135362
1.41046
-1.19689
-0.799293
1.0876
-0.0999356
1.44923
1.36538
-0.0830849
0.916901
-1.0087
-1.92101
-0.499559
0.274084
0.0818358
-0.5393
0.295743
-1.48958
0.98966
-0.499669
-0.53244
-0.60926
2.14129
1.137
0.148846
0.494485
-1.23778
1.04648
0.0204635
-0.197903
-0.888089
0.554097
-2.08648
-2.43042
0.316164
-0.579009
0.935848
1.72056
-1.09533
-0.0991221
0.0027658
0.86988
-0.788049
0.218014
1.87783
0.466448
0.205845
-1.22658
1.31401
-0.945185
0.362591
-0.767627
-1.75257
0.500684
-1.46506
-0.491122
-1.96052
-1.7368
0.131943
0.112788
0.371292
0.724707
-0.617257
-1.37974
0.450802
-0.457964
-1.49597
-0.42166
-0.783033
1.04607
-0.643343
2.4367
0.571794
2.58186
-1.41633
0.430526
-0.677539
1.15939
0.342749
0.0106347
0.125195
-0.399487
0.657626
0.324384
-0.651102
1.33055
-1.40569
-0.500484
0.992932
0.447324
1.03206
-0.673758
0.938604
0.156532
-2.01566
0.153042
0.866662
-0.646729
-0.860806
1.64993
0.550965
1.29905
0.488379
-0.035752
-0.538024
0.218122
-1.31166
0.307928
0.636746
-0.608278
0.250891
0.545911
0.347571
-0.468879
-0.619609
0.086423
-0.0822354
-0.223003
-1.04529
-1.30185
1.55699
0.137611
1.14407
-1.16999
-1.98245
0.961077
-1.28215
0.230577
1.87784
0.133197
0.267699
0.182017
0.0433436
0.805155
-1.10554
-0.879574
0.501214
-0.940798
-1.16386
0.330681
-0.277378
0.291539
-0.979006
-1.09979
0.990386
0.600104
0.274497
1.30184
-1.09759
0.0994852
0.855876
1.7036
-0.238734
-1.60786
0.419404
-1.0524
-0.130573
0.390053
1.77119
-2.34845
0.133024
0.266302
-0.44947
-0.562428
1.41562
-0.39579
0.429043
-0.450233
-0.39259
0.327616
-1.25952
-0.477399
-1.97407
-0.362151
0.571096
0.799593
-0.809316
1.77482
0.0311296
-0.905913
0.562521
2.00036
-0.676623
1.04109
-0.820644
-1.05077
-1.24272
0.512476
-0.321158
-0.147272
0.19648
1.24358
0.825297
1.34009
-1.22433
-1.04012
0.997212
0.735753
1.55423
1.57402
-1.52058
0.211153
0.807261
-0.503748
1.3931
-0.232794
0.77628
-0.193276
0.47652
-0.618561
-0.431884
0.69135
0.203592
-0.613879
0.858116
0.249964
-0.846202
0.131018
-1.66184
-0.464409
0.795064
-0.313058
-0.475079
0.886165
0.0738416
0.769814
0.208985
-0.692699
-2.76428
0.00239293
-0.294404
1.70804
-0.0845889
-1.1378
0.653937
-0.539377
-2.88299
0.786887
0.00720987
-0.407942
0.266241
1.59742
2.56331
0.325039
-1.30658
0.282306
-0.481278
-1.67049
-1.35323
1.52927
1.6345
-1.12604
-1.10339
2.89723
-1.59154
0.33887
-0.312382
0.172313
1.05441
0.0759189
-0.240679
1.15649
-0.654798
0.0750965
-1.47791
0.693489
0.428991
1.39342
0.304183
2.96891
0.788067
-0.178651
-0.567999
-0.457749
0.941102
-0.573958
0.581922
-0.960863
0.0944882
-0.839831
-1.22353
-0.276797
-1.97095
-0.253723
0.22673
-1.44347
-0.534246
0.0315494
-0.332232
1.46175
0.771073
-0.847216
-0.109143
-0.647037
1.18039
1.29192
1.28371
1.71267
0.920764
-0.0421937
-1.3549
0.457821
1.35034
0.532433
-0.716691
0.246798
0.375619
-0.719933
-0.469244
1.33764
2.1518
-1.09603
0.181447
-2.83812
-1.23335
0.734469
-1.17657
0.277324
0.443065
0.723633
-1.72056
-2.29992
0.996668
0.00388593
0.500554
-0.696978
-0.493411
-3.26163
-0.146708
2.70627
1.27166
-0.236895
0.910399
-0.764188
0.174168
-0.604042
-1.08447
1.22843
-0.749183
1.7501
0.169915
-1.53461
-1.79491
0.722032
-1.85106
0.538253
-1.01665
0.433038
-0.871001
0.743414
1.18509
0.241611
0.136857
0.652639
1.63612
0.120084
-1.1852
-0.828801
1.016
0.826702
-1.21964
0.769638
-0.530544
-1.74929
1.2314
0.365631
-1.50126
-0.450303
0.773279
-0.29102
-0.288012
1.67557
0.501533
0.85899
0.271438
-0.117305
-0.592883
-1.19772
1.33444
-0.517973
-0.88612
-0.0641967
0.55646
-1.42376
2.24224
1.66031
-2.2543
0.803032
0.342766
0.238548
0.137571
0.716263
0.744043
-1.43139
-1.23717
-1.64343
0.588824
0.110927
-0.304826
-0.918689
0.287519
-1.30069
-2.14422
-0.992011
-0.188287
-0.286929
-0.47283
-1.21603
0.834735
-1.14693
1.25487
-0.075734
0.434221
-2.97939
0.34814
-0.30842
1.15227
-0.890875
-1.199
-0.338803
-0.91335
1.05025
-0.527696
1.57969
-0.294168
0.573329
-0.43352
-2.0568
-0.611426
-0.438775
1.00858
1.37742
0.237232
0.620874
-0.801308
-0.837013
1.00844
-0.745965
0.115595
-0.380033
0.990577
0.575857
0.147075
1.20577
1.0826
-0.984664
1.31936
0.46081
1.0674
-1.11015
0.852964
-0.989004
0.283712
-1.30521
-0.813146
-0.632166
-0.99142
0.157572
-0.297703
-0.31065
2.30902
-2.25095
1.01888
-0.352256
0.00288068
-0.581428
1.91869
-2.52875
-1.55389
-0.669433
0.868973
1.02067
1.52978
0.0512726
0.694482
1.21383
0.27855
0.348269
-0.967651
-0.651708
0.213285
0.407875
0.612779
-0.782181
-0.0182612
-0.0915372
0.656936
-1.0903
0.679739
-2.17681
0.247055
-0.99463
-0.597252
0.392632
-0.721725
-1.4404
-1.74353
0.0431703
0.348766
-0.739392
2.07363
-0.0240947
0.0481895
0.0929967
0.429158
-0.126599
0.325712
-1.01346
0.993789
-0.338791
0.280365
0.244033
-0.274439
0.162817
-0.97461
1.04206
-1.58523
0.469814
-0.946218
-0.882224
0.952865
0.780078
-0.993638
-0.51691
0.405173
-0.0487974
-0.840365
-0.618804
-0.225539
1.24143
0.577761
0.00973201
-0.446337
0.076922
-1.40226
0.134037
-0.201792
-0.447412
-0.903267
-1.13313
1.69648
-1.31099
-2.00687
-0.567187
-0.146698
-0.435647
0.604279
1.63899
0.683531
0.832953
0.253652
0.12576
0.548941
2.11141
-0.054655
-0.806355
-1.37524
0.117216
-1.2995
1.82451
-0.155464
0.554031
0.0701632
-0.868573
0.341961
-0.381251
-0.330894
0.301685
-0.453359
2.02699
0.0237735
-0.107467
1.17736
-2.21413
-0.265067
-0.499783
-0.445686
1.06392
0.232248
0.214805
0.300858
0.688073
1.91673
-1.56181
0.257206
0.539519
-0.0142285
1.51936
-1.13314
0.280699
2.10005
0.788709
-0.444635
0.325599
-0.393261
-2.09521
0.572034
0.204213
-0.329139
0.337983
0.950298
-0.227463
0.266851
0.136547
1.07329
-1.59184
0.84786
-1.53717
-0.533738
0.858998
0.37725
0.361703
0.591094
-0.0813254
1.30774
-1.50671
1.36869
-1.28843
-0.103106
1.41179
0.631271
0.151904
-0.827797
-1.12738
0.23196
0.0539822
0.711935
0.182689
-0.170282
1.37628
-0.534741
-1.69549
0.44067
0.551521
-0.613853
0.263073
0.51589
1.49032
0.187517
1.37004
-0.866196
1.25962
1.23261
0.0222742
0.577155
-1.26781
1.51755
-0.540606
-1.19358
0.0462203
0.104305
-0.678837
0.699936
0.495619
0.608112
1.40292
0.0245646
1.83152
-0.207576
0.14501
-0.514177
-0.393161
1.39505
0.0696098
0.589924
-2.08896
-1.23486
-1.33094
0.0854385
-0.244174
0.971436
1.39497
2.79458
-0.993755
0.467495
0.605682
1.33216
0.489636
-0.706781
-0.156209
-1.00085
-0.956368
-0.240799
0.262263
1.06314
-0.468864
-0.348221
0.100327
-0.393367
-0.786261
-0.602534
1.11143
0.821462
0.0943682
-0.835272
-0.985237
0.269348
-2.08963
1.55066
-1.81787
-0.686585
0.506892
-0.985739
-0.867031
-0.258019
-0.215163
-0.362704
0.203466
1.14901
-0.98061
-1.21409
-0.18243
1.16094
0.0771863
0.447778
-0.704186
1.932
-0.0949703
0.159325
0.119883
-1.1569
-1.13736
0.497764
0.348947
1.00645
0.652603
0.457415
0.101839
-0.170837
2.18941
1.75736
0.631769
-1.08843
0.00909783
-0.742727
0.710624
1.71884
-0.0383171
-0.109915
0.602632
-0.800546
-1.25398
1.23664
-1.39525
0.755175
0.575855
-1.41848
-0.532381
1.07919
0.77442
-0.690446
1.43763
1.49471
-0.946501
0.527304
-0.292147
-0.0361279
0.908125
-0.0758506
0.398456
-0.160015
-0.496926
0.782849
-0.968881
-1.05123
-0.0360828
-0.515104
-0.121881
0.259666
0.377475
1.67514
-0.497143
1.59494
1.20134
0.767811
0.514848
0.0582705
0.131391
0.576223
-0.23883
0.965585
1.2174
-1.42189
0.232577
-0.430569
1.5597
0.75262
0.970473
-0.831038
0.571594
-0.377607
-0.284745
-1.26086
0.87459
-2.19275
0.778605
-1.12648
-0.0247464
-1.94963
0.697037
-0.256967
-0.888309
0.647422
-0.254382
-2.3784
0.788589
-0.876478
1.7977
-0.0535797
0.215966
0.958223
-1.90009
-0.816653
-0.00409346
-0.70292
-0.394019
1.5376
0.71626
-0.375196
1.38506
-0.571405
-0.679258
1.33214
-0.30841
-0.707499
1.03732
0.0720232
1.64975
0.563518
0.453266
-1.03358
0.636105
1.79105
1.59756
-0.321853
0.646488
-1.25182
0.0315006
0.954434
-0.518908
-0.691094
0.22866
-1.13623
0.567213
1.43835
-0.506765
0.980542
-0.312194
0.639427
1.64993
0.145184
-1.30646
-0.972202
-0.737747
-0.150157
-0.372775
1.0942
2.56718
0.872044
2.31744
0.243831
-0.339466
-0.55826
0.431573
-2.17286
0.77
-1.04141
1.08869
-1.86284
1.34734
-0.324863
0.0348333
-0.953704
-0.373455
0.393163
0.916353
-0.5668
0.51638
2.43216
0.940058
2.73592
1.72366
-0.935912
1.55027
-0.0243878
1.1589
-0.364538
-0.719621
0.55339
-1.16932
0.301979
1.28446
-0.0680709
1.05597
-1.22866
1.1669
0.878773
2.89324
-0.769562
0.300194
-0.49157
-1.72675
0.958587
0.217649
0.249755
-0.112822
-0.634512
-0.277973
2.02917
0.358192
1.34954
-0.977362
1.75548
0.0461007
-1.27447
1.97679
-0.274903
1.01766
0.193957
0.167886
-1.53206
-0.579611
1.01613
0.80001
-0.673766
0.0414027
0.23527
-0.370581
-0.45141
-0.31292
0.60085
0.0751444
-0.357498
0.339449
1.06635
-0.743282
-0.33442
-0.595208
0.664084
0.173438
-1.06386
0.774837
0.948231
-0.735495
0.812532
1.57659
2.2817
0.809278
1.09594
-0.522784
1.67664
-0.938158
-0.871918
0.886014
0.556225
-0.257659
-0.00975413
0.430055
0.617121
-0.338642
2.53781
0.571001
-0.0651025
-1.48776
-1.00856
0.411364
0.927517
-1.26946
0.726553
-1.26228
0.0242031
-1.42848
-0.475934
-0.414738
1.65796
1.84809
-0.375451
0.252806
0.516837
-0.787269
0.0280654
0.638434
-0.574588
1.40192
-0.72128
-0.96749
0.85145
1.69748
-0.617999
-0.747213
0.0420425
-2.27238
0.43662
-1.07785
0.446388
0.576644
-0.365505
-0.978266
-0.628735
-0.974816
-1.66374
1.2631
0.617794
0.660505
1.16673
-0.779423
0.496705
-1.2946
-1.01436
0.825172
-0.522948
-0.718729
1.2023
0.0296817
1.01254
0.012948
0.0424446
0.570371
0.686474
-0.319838
0.198076
-1.59229
-0.811179
1.29056
1.68084
-1.33475
0.37299
1.39172
0.166425
-0.252909
-0.167823
0.336729
0.560097
0.859493
0.2893
-0.0216383
0.121111
-1.20021
1.16502
0.694562
0.783831
0.352886
0.385344
-0.356628
-0.816049
-1.32735
0.356715
-1.24083
-0.594209
0.880253
0.220138
1.07325
-0.756855
1.28475
1.26908
0.778301
1.16515
-1.30333
-0.757695
0.153656
0.257319
0.783401
-0.199812
1.14849
0.474284
-0.979742
0.677423
-0.301755
-1.79447
0.0340517
0.766761
1.51379
-0.146517
-0.50957
0.132055
-0.762957
0.312983
0.848697
-0.479684
0.672245
-0.842914
0.489113
-0.97637
-2.03197
-0.709918
-1.37884
-0.0409953
0.341429
-1.24415
-0.699103
-0.432971
-0.340495
-0.993059
0.169572
-0.829161
-1.10502
-0.410354
-0.184383
-0.0365656
-0.663969
-0.572253
-1.27524
0.264153
0.570012
-0.620229
0.346447
-1.15933
0.674894
0.117544
-0.735471
0.385566
-0.989366
1.63906
2.21757
0.257568
-0.893554
-1.99613
0.660271
0.476
1.08449
-1.06107
-1.45711
1.4964
1.50343
0.203101
0.106913
0.613195
0.170812
0.389715
1.32481
-1.338
-0.60937
-0.246079
-1.67934
-0.623723
0.301073
0.641627
0.0956705
-0.31674
1.32523
1.05198
-1.93727
-0.416958
2.13167
0.151127
0.583087
0.0601833
0.935864
1.14445
0.708795
-0.567749
-2.14368
-0.619209
-0.431469
-0.271438
-0.163148
-0.0468079
0.120682
0.33639
1.33888
0.597409
0.453977
-0.351935
-1.35912
0.0248659
-1.14467
0.622749
-0.122681
-0.360419
0.328454
2.21664
-0.146366
0.89581
-0.230513
-0.866079
-0.579597
-1.572
1.29745
1.39858
-0.442936
0.516417
0.360568
0.762757
0.354419
-0.102905
-0.858169
-0.486642
-0.0433115
-1.41212
1.48958
1.37754
0.0677337
-0.0369948
1.51639
0.0521488
-0.381705
0.0640423
-0.721516
-0.559703
0.806394
-0.184615
-1.594
1.81851
-0.254216
-0.739815
-1.0773
-0.939502
-0.00991138
-0.186702
-0.0219551
0.895001
0.336379
0.12539
-1.04365
1.15683
0.691795
0.321059
-1.62358
1.86167
0.338876
0.894386
-0.735871
1.41059
-0.0604799
2.18308
-0.787412
-0.739808
-0.106347
-0.700301
1.21443
1.54194
0.586546
-0.450274
0.204028
0.819567
-0.0100895
-0.166091
-1.29478
-0.282735
-1.96452
0.721616
0.591463
-1.53228
-0.317376
1.0222
-0.357541
-0.905439
0.452472
-0.0874725
-0.788391
-0.661419
-1.27822
-1.2075
0.288695
-1.01416
0.254329
-0.222198
-0.132542
0.169792
-0.173615
0.449138
0.624049
-0.417209
0.462118
-1.49324
0.0181716
-0.661334
-0.959711
1.32907
-0.0781835
0.609628
-0.345262
-2.22527
-0.456668
-0.055044
-0.891719
0.162393
-0.848098
0.263252
0.564792
-1.02949
0.14925
0.151075
1.38664
0.472974
1.42754
0.612764
0.299826
-0.258805
-1.32573
0.902279
0.0992986
2.53156
1.57299
-0.823207
-0.530481
1.45604
-0.9035
1.08477
-0.51929
0.911376
0.335294
-1.15684
0.785728
-0.0920918
0.404865
-0.083064
-0.73464
-0.72204
-0.154072
-0.187195
-1.15178
-0.0870262
0.0444736
1.95338
0.321739
-0.47237
0.791561
-0.200474
0.336878
0.402823
0.28744
0.197282
-0.186741
1.39591
-0.134314
0.513355
2.03358
0.897665
-1.22177
0.0242824
-0.252312
1.94977
0.48295
0.303344
-0.926899
-0.580683
-1.57113
-1.01831
-1.29492
-1.62156
0.411081
-0.450201
0.175082
0.121487
1.07933
-0.25516
0.200774
-1.67168
-0.823675
-1.20018
-1.12951
-0.0566991
0.945185
0.29079
-0.451987
-1.17377
0.0592824
0.897906
-0.261609
0.654841
-0.98294
0.303872
2.10815
-0.123043
0.668467
-1.19452
0.169368
-0.919256
-0.866655
0.107386
-0.018368
-0.555298
-0.0530772
1.56911
0.343295
-0.0376658
-0.269104
0.602878
-0.610804
2.13039
-1.71174
-0.848608
-1.1495
-0.841566
-0.417964
-1.23953
0.069747
0.0384074
-0.228545
2.11506
-1.83549
0.138574
-0.0788715
-1.24846
-0.650296
0.304303
-1.61723
-0.775369
0.119726
0.841448
1.22988
0.0823595
-0.582702
1.71484
-0.622521
0.484311
0.850387
-0.916534
-0.37232
0.631936
-1.0282
-0.387898
0.0758998
-0.0856964
-1.00768
-0.726164
-1.51793
0.783711
1.5061
1.54547
-0.0211853
-1.24095
-0.887725
-0.82969
2.62426
-0.456007
0.110605
1.50372
-0.352426
-0.159426
-1.30999
0.720104
-0.90664
0.253232
-1.33881
0.423363
-0.533879
-0.203787
-1.23141
0.140951
-0.46159
0.86013
1.6988
0.628772
0.922938
0.556464
-0.25862
0.789234
-0.0972229
1.13546
-0.390031
-0.527578
-0.156557
-0.700546
-0.171437
-0.0517394
-0.987855
-0.0512055
0.399864
-2.51482
-0.979729
0.814674
-0.818799
0.302283
-1.77283
-0.0471386
0.161916
0.578318
-0.984831
0.440047
0.809233
1.36428
-1.07185
0.413448
0.859718
0.933084
-0.641547
0.2833
0.216242
-0.0250241
1.32199
1.98631
-2.13367
-1.03433
-0.885184
0.212838
-0.0356304
0.0625583
0.636919
0.670969
-0.0642035
-0.625334
-1.62169
-1.74143
0.214697
-1.32076
-0.082875
-1.05935
-0.0568318
0.0799154
0.224749
-0.25381
-1.03075
0.599769
-1.16517
-2.37918
0.704636
0.567931
0.351548
0.825546
0.514096
0.447094
0.40839
-0.317979
0.153794
-0.0704161
-1.67362
-0.0596932
1.07709
-0.250249
-0.429095
1.14558
0.0188187
0.349064
0.493245
-1.10214
0.528339
-1.42245
0.609649
0.70376
-0.178725
-0.601558
1.22497
-0.234552
-0.316791
-0.596952
0.41358
-0.0379912
0.663373
0.825082
-0.242841
0.547023
-0.329791
1.83768
0.942054
0.451565
-0.203909
-0.0515011
-1.40486
0.536924
-0.029634
-1.60566
0.0454673
0.235433
1.06508
-1.02729
-0.825017
0.341406
1.32203
-1.27214
0.0584951
1.07023
-1.8384
-0.333725
-0.805126
-0.155561
-0.697759
-0.276536
-1.5818
-2.57842
0.0412821
0.612798
-0.981344
-1.33129
-0.258117
0.77489
1.39291
-1.81531
1.34993
0.0171899
-2.10085
-0.0304971
-0.740681
-1.33073
-0.226035
0.114292
-1.27037
-0.129273
0.0822649
2.20626
0.0662394
0.188121
-0.88628
1.97016
-1.90541
0.627808
1.28468
-3.21552
1.07902
-1.43716
-0.223621
-1.61191
-0.207946
0.274478
0.231734
-0.29853
1.43689
-0.926074
-0.770922
0.538253
-1.80024
1.33817
1.45039
0.751322
-0.990447
-0.650603
-0.761886
-0.777894
0.699771
-0.495543
1.41725
-1.63485
-0.177728
0.686647
-0.809192
-1.82028
-1.35702
-0.864779
0.234317
-1.21577
-0.856242
-0.0533493
0.235093
-0.255583
-2.10517
-1.66825
-1.48377
1.18463
-2.19133
-0.108934
0.118699
-0.621529
-0.874343
1.28332
-2.0596
-0.0137158
1.07419
1.71196
1.86445
1.48615
0.775929
0.83849
0.438871
0.209443
-1.44315
0.539673
-0.251768
-0.694171
0.768982
-0.177386
0.837334
-0.02856
-0.0863286
2.32169
0.885474
-1.67939
0.75311
0.926835
0.0125133
1.46575
0.942183
-0.336105
-0.216574
1.03967
0.120815
-0.783566
-0.30472
-0.00491012
0.522959
-1.28368
-0.700294
-0.109219
-1.57927
0.623663
0.60961
-0.623564
-0.935372
0.281833
0.652428
-0.830934
1.18067
-0.558217
0.338267
0.989911
0.594642
1.1186
0.30422
-0.60395
1.13885
1.04952
0.255629
1.2938
-0.063466
-0.254653
1.07821
1.68586
0.177239
0.750134
0.994265
0.545266
-1.22332
0.991483
0.745961
0.833971
0.293917
-0.12027
-0.26363
-0.922459
1.34855
-0.933341
-0.268305
2.09358
-1.14666
0.116032
0.356404
0.425031
-0.0453602
-1.1797
0.884007
-1.22749
-1.57234
-1.08027
0.241412
0.153113
1.29881
-1.73208
-0.524774
-0.63039
1.53355
3.40404
-0.957874
0.295727
1.41358
0.983464
0.271938
0.169891
-1.09715
-0.323251
-1.87091
-0.632669
-0.183141
-0.937245
-2.23959
-0.807089
2.13249
1.00685
0.0559273
1.7118
-0.815782
-0.418409
-1.08089
-0.266818
1.15359
-0.433675
-0.562892
1.06828
0.414063
1.01748
0.214808
0.413299
-1.30293
1.32045
-0.463824
-2.30936
-1.08904
0.836921
0.539276
0.0466562
-0.561621
-1.20803
-0.78888
-1.40303
-1.11683
0.0677205
-1.92596
0.359133
-0.0831723
0.292068
-0.0493102
0.759394
-0.805593
-0.0995197
0.676835
-0.198957
0.112251
1.59853
0.0197284
1.97693
0.0278682
1.16271
-0.865205
1.62478
-0.267006
0.456236
0.688485
0.817736
-0.431743
0.658815
0.0874932
0.383926
-0.208267
-0.0141272
-0.660567
-1.02322
0.146117
-1.09183
-0.392439
-0.00222069
0.510592
-0.0807129
0.0724549
-0.866899
-0.30776
0.865395
0.0659861
0.662487
1.70174
-0.937769
-0.637639
-0.190266
2.0556
0.590671
-1.13102
1.71268
2.55399
-0.164621
0.0324189
0.879802
2.07735
-0.190486
0.286674
-2.12971
-0.116691
0.467407
0.201998
-0.0250612
1.41724
-0.966159
0.193043
-1.175
-0.0791914
-1.1922
1.03348
-0.819436
-1.29226
-0.314287
1.35864
0.408248
1.04557
1.16241
0.497965
-0.101121
-1.33194
0.633374
0.562751
0.0936913
0.409304
-1.34617
-0.0616921
0.786093
0.584818
0.941153
0.758796
-1.17495
0.484692
-1.00208
-0.243715
-0.801059
-0.728
0.283214
1.1565
-0.38991
-0.264429
0.666132
-0.230867
-0.464354
0.257055
0.700567
-1.27618
0.396567
-0.974175
0.288198
2.05694
-0.367604
-0.746317
-1.35515
0.961109
-1.84205
-0.392395
1.45111
-0.185204
-1.29691
-0.382188
-0.995785
-2.40005
-0.182873
2.12345
1.30369
1.55842
-0.631461
-0.358183
-0.58252
-0.152011
0.13269
0.436875
0.251544
4.02035
0.92752
-0.0417066
-1.56753
-0.731724
-1.42828
-0.339757
-0.909958
-0.0115837
-1.33463
-2.62516
-1.1225
-0.377328
-0.733446
-0.385282
-0.413622
-0.28898
-1.29829
-1.19047
-0.492184
0.710892
0.184519
0.0493863
-2.32932
0.109828
-0.81753
0.318245
-1.48949
0.125934
0.31423
-1.21243
-0.642924
0.576419
1.54215
0.380707
0.189046
-0.0945592
-0.130125
-1.22563
1.99544
1.61625
1.27797
-0.695422
1.46842
-1.28922
-0.224473
0.797333
0.909272
1.67495
0.640262
-0.740377
0.295546
-0.13001
1.44688
0.929773
-0.723879
0.126165
-1.65583
1.49553
0.523455
1.23764
1.68374
-2.42915
-0.518706
-0.105254
1.35307
-1.49552
-1.12973
0.400338
2.1095
0.634295
1.16637
-0.0552783
0.0760568
0.443057
-0.790568
-0.890407
-1.0305
1.17731
0.444701
-0.687795
-0.841033
0.756505
-1.67133
-0.692713
0.504342
0.192591
-0.581978
-0.472276
-0.645221
-0.65207
-0.845934
-2.03818
0.0609725
-0.579336
-0.0830163
1.83841
0.959066
-1.26971
0.188486
0.410575
0.494526
1.63138
-1.25025
-0.231049
-0.800462
0.0466616
-0.366239
1.49038
0.719764
-0.264698
-1.2798
1.32062
1.12394
0.248756
-1.61704
0.788473
-0.759714
-0.626429
-0.326584
-0.819243
0.570894
-1.2249
1.98812
0.449205
-1.10245
-1.31523
-0.281514
1.44607
0.526682
-0.191739
0.257298
-0.0856535
1.89658
-0.0114742
-2.01035
-0.292403
-0.585407
-0.639977
-0.496281
0.385124
0.427955
-1.34248
0.573343
-0.733907
-0.266571
-0.896699
-0.890643
1.02914
0.365128
-1.88481
-0.168618
-2.91218
-0.865918
-0.811494
0.132871
0.244262
-1.79236
0.00604102
2.02209
-0.0792526
0.0466807
-1.13397
0.0133786
-0.444198
-1.43971
-0.320919
-1.27034
-2.07227
-0.0502712
0.689328
-1.23293
0.0751515
-0.146371
-1.46542
-0.185046
1.71982
0.595835
-1.55707
-0.841513
-0.163779
1.01196
0.689082
0.23072
0.950157
2.16101
0.120254
-0.694656
-0.881237
1.57543
0.993831
-1.21981
-1.66614
0.0498871
0.319525
0.92164
1.40134
0.902196
1.63176
1.47176
-0.657618
0.198972
-2.19265
0.533513
-1.07173
0.245491
1.03221
-0.819016
0.610836
-0.985901
2.18959
-1.02322
1.7193
1.07152
-1.1351
0.919163
0.83601
-0.641108
0.839479
0.0600098
-3.33818
-0.235102
0.413191
-0.235055
0.0335008
1.43638
-0.874567
0.517275
2.11931
0.95833
-0.564789
0.00921354
0.131788
-1.71126
-0.288409
0.475336
-0.0526424
0.30589
-1.10459
1.89966
0.440528
-1.09966
-0.700195
1.30685
0.126462
-0.291587
-0.320305
0.405725
0.870533
-0.0781021
0.174127
-0.277509
-0.725152
0.712295
2.79255
0.216844
-2.14917
-1.77931
1.41365
0.339839
-0.441317
0.895357
-0.86652
-1.11682
-0.496175
2.25165
-0.957005
-1.78525
0.713393
-1.62387
0.196879
-0.306
1.25978
-0.143838
-0.543088
1.86256
0.410577
1.09877
0.471861
0.0435902
0.0972714
0.306013
-0.80238
0.209394
-0.103837
-0.047553
-0.921166
0.959468
-0.994977
0.193232
0.0531997
-0.434219
-0.767381
1.19714
0.969178
0.840274
-0.577571
-1.49984
0.64313
0.372978
-0.983694
-1.81816
-0.746598
0.100745
-0.468423
-1.19962
-0.374856
-0.296056
-0.214512
1.65501
1.26095
1.08578
-0.109023
-0.649511
0.764949
0.844291
-0.630219
-0.698686
0.351956
1.30334
0.484957
0.31184
-0.598687
-0.0785297
0.348764
0.832371
-1.15195
1.26261
0.330055
-0.379563
1.83558
-0.192362
0.375492
0.633633
-0.922308
1.37132
0.970211
1.10685
-0.340035
0.309069
0.832459
-0.498474
0.508866
-0.108686
-0.573372
-0.688721
0.502062
-0.178501
-1.81951
0.576019
-1.13228
1.17933
-0.599865
1.46224
0.692073
-0.952872
0.872002
0.891047
-1.04018
0.0172596
-0.492215
0.456093
-1.22656
0.894781
0.0814276
-1.22254
-0.240569
-1.74142
-1.29267
-0.840508
-0.866626
0.0240698
0.0993421
-0.579141
0.0894469
1.70121
-1.93752
-0.711719
1.71605
0.302161
-0.466346
0.0983896
0.622816
1.01375
0.39712
0.392021
0.827841
-1.03468
-0.569315
1.6031
1.26229
-1.63951
-0.822966
-0.484608
-0.769788
-1.28045
-0.707834
0.546789
-2.54255
-0.882616
0.0378424
0.704514
-0.059675
0.166454
-0.123255
0.724641
1.10124
-1.13163
0.490341
-0.63855
0.398413
0.0199106
0.293056
0.103746
-1.92973
-0.293768
-1.24456
0.697591
-0.169921
-0.639201
-0.107862
-0.213902
2.96149
-0.638923
0.719795
-0.2587
0.984141
-0.172162
1.10473
-0.0923319
-0.31169
0.733082
0.715529
-0.00371112
1.40806
0.335354
-0.49291
-0.466075
1.61476
0.491066
-1.54906
0.411545
-0.265224
0.217299
1.53443
0.750981
0.836701
0.0387801
0.388256
0.193745
0.207701
-0.055905
-0.0607821
0.312036
0.477088
1.06095
0.320676
-0.0148845
-0.479386
0.692262
1.02456
1.26831
-1.21322
0.249085
-1.18223
-0.583689
0.557406
0.710589
-1.56152
1.35976
-0.581498
-0.381838
0.682671
-0.0221073
-0.317846
1.05859
-2.12715
-0.688824
-0.352005
-0.0299254
1.09926
0.695411
-0.353946
0.321315
-1.06753
0.00754106
-0.262054
1.31793
0.565073
0.387869
-0.437749
0.153314
-0.635531
1.62087
-0.94481
1.81012
-0.179882
1.30452
1.14661
-0.224485
0.866191
0.0956769
-0.684171
-1.49162
-1.07091
-0.108408
-1.11844
-0.339151
0.830205
-0.467545
1.45836
2.14583
1.34242
-1.14112
-1.28525
-0.485895
-0.129222
1.01175
-1.62817
1.06234
1.68008
0.400406
2.22075
0.678933
0.893453
-0.285332
-0.315408
0.398826
-0.939893
1.24511
-1.22438
-0.872253
-0.102653
0.81389
1.04429
-2.21472
-1.32954
-0.0762842
0.0270289
-0.333763
-0.313622
0.377864
-1.14312
1.08239
0.866669
-0.723986
0.182995
0.717382
-0.839672
-2.35801
-1.56173
0.321014
0.311271
0.0860525
-1.15187
0.261534
-0.316341
-0.377329
0.931389
-1.95346
0.191451
0.26825
-1.36349
0.275555
0.920362
-0.715343
-1.16147
-2.75814
1.47805
0.611055
-0.773502
1.50762
0.255728
1.95724
-0.982408
1.09625
-0.322187
1.34846
0.489044
1.64524
-0.570499
0.342278
-0.364476
0.996737
-1.29487
-1.73605
0.36941
-0.179569
0.895156
-1.45503
0.0137461
0.336909
-0.22138
-0.8737
-0.94474
0.790322
-0.500541
0.890755
-0.0663577
0.732466
1.1728
-0.202195
0.12485
0.0584899
-0.277875
-0.364357
-1.17692
-1.14884
-0.400953
-0.16508
1.76611
0.486057
0.0226358
-0.827956
0.535066
-0.75216
0.778448
0.151683
-1.79496
-0.935287
-0.0209931
-0.332334
1.37393
-0.235955
-0.26244
1.26092
1.17247
0.987168
0.910678
-0.712692
-0.00944824
-1.80183
-1.07256
-0.358319
-1.96244
1.47498
0.487171
1.55636
2.4258
-0.142675
0.0276858
-1.19752
0.979879
1.70715
1.88331
0.934159
-1.29277
-0.575705
1.16182
-0.836236
1.30423
1.31059
-0.147805
0.897622
-0.95774
-1.50092
-0.227936
1.2162
-1.90522
-0.365589
0.116318
1.74689
0.132831
0.630828
-0.333269
0.849474
-0.715715
1.71942
-1.74876
0.878952
-1.21942
-1.73088
0.940065
0.243198
-0.999156
-0.133503
0.488877
-0.664611
-0.983877
1.18353
2.36425
0.759012
-1.67354
0.602624
-1.50441
-1.31141
-1.54557
1.30903
-0.104739
-0.704543
-1.39112
0.200182
-0.111229
0.789424
-0.977896
1.6285
0.383817
-1.10016
2.45489
0.264508
-0.497865
0.286152
1.27162
0.0632548
-0.0870327
-0.283205
0.706524
-0.589753
-0.3015
0.136555
0.729723
1.29936
-0.264459
0.715005
0.334398
-2.26425
0.695014
-1.38456
2.27468
0.441053
-0.56118
0.572493
-0.34405
1.5485
-1.26008
1.33164
0.126606
-1.05735
0.364188
-0.558929
0.0378919
0.362651
0.910955
0.11035
0.203535
0.3455
1.50176
-0.250431
-0.460363
-0.225432
0.66783
0.475052
-0.451564
-0.0738347
-0.298598
0.984084
0.690905
-0.464971
1.0441
0.64161
0.692767
-1.16642
0.0190763
-0.175167
0.943519
0.772842
0.676154
-0.0145177
-2.08679
0.344111
1.14415
1.20304
0.263342
1.14204
1.49794
-1.83503
-2.48677
0.287282
1.02353
1.34948
0.137044
-0.768218
0.143798
0.935101
1.28535
-1.26233
0.826403
-2.55372
-0.485203
0.40594
-0.0296337
-0.0574613
0.214091
-0.108577
-0.244794
-0.226386
-0.609739
-0.0777934
-0.0447264
-1.1424
1.48458
0.889415
-1.39356
0.147562
1.05622
-1.06361
-1.30455
1.37806
0.186949
-0.733609
1.16732
1.68584
-0.0123487
0.319756
0.434302
1.53921
-0.852904
0.621946
1.58281
-0.588603
-0.890077
-0.113043
0.745175
-1.11897
0.346156
1.76309
-1.37255
-1.67509
0.160214
-0.611593
0.396949
-0.632077
-0.58851
-0.857505
-0.72806
-0.881442
-0.356794
0.0705576
0.9309
0.446291
-1.65425
2.12843
0.689531
0.666449
1.12042
-0.569961
-0.119675
-0.416398
-0.146731
-0.440199
0.0916718
0.875248
0.599657
0.453948
1.50284
-0.567704
1.29565
-1.0619
0.956887
0.51866
-1.22291
0.63167
-0.852536
1.5562
0.178038
1.54671
0.574239
0.749305
0.539654
1.28301
-0.04214
-0.959884
0.933607
1.13791
-0.584728
-0.925265
-0.168401
1.71581
0.329012
0.139748
0.286828
-1.74737
-0.0499656
-0.466793
-1.36716
-1.01734
-0.133369
-0.506381
1.01677
-0.631536
0.0704152
0.289143
-0.00785876
-2.79166
0.543492
0.494593
-0.723484
-0.80483
0.710337
-0.459703
0.347491
-0.270925
-1.41325
-0.206342
-1.1065
-1.34397
0.227404
-2.4468
-0.106585
-0.618671
1.40787
-0.344702
-0.0293815
-0.70385
-0.287685
-0.0750224
1.1789
-0.172379
1.41609
-0.0302211
1.20714
1.38278
-1.93974
-1.05307
0.386758
0.860199
-1.05815
-0.00612081
0.555411
-0.169796
2.13616
-0.875436
1.13153
-0.996084
0.998776
0.389083
0.0651258
-1.70187
0.0706797
-0.185238
1.30252
-0.777555
0.22514
0.487437
2.05457
0.685971
-1.74337
0.716772
-0.609962
-1.1496
0.324426
-1.1219
-1.1887
0.624725
-0.458195
0.41814
-1.14831
-0.324969
1.19339
0.584349
0.41871
1.19121
0.977061
-0.526687
-0.422423
0.246312
-0.21997
-0.179511
0.607396
-0.506173
-0.558954
-0.0744535
-0.548494
-0.312367
-1.21771
0.89058
1.68287
-0.13335
-1.77994
-1.71532
0.843519
0.908241
0.90751
0.256535
-0.00775059
0.527873
2.72414
0.333509
0.325673
-1.26485
0.59454
1.63122
-0.383142
-0.170192
-1.81353
-0.220411
-0.845919
-1.0118
-3.48442
1.23578
0.365321
0.111311
0.0359891
0.376647
-0.653605
2.54825
-0.623184
-0.540826
0.573927
1.04376
0.904486
-1.2765
0.369104
0.232236
0.751388
-2.92284
0.284129
2.22709
-0.879042
-0.252591
-0.785299
-2.0468
0.685307
-0.989613
-0.427104
0.189801
-0.971101
-0.930322
-0.030743
-1.54171
1.0413
-0.367142
1.10738
0.433108
-1.38307
0.123537
-0.830084
-0.161562
0.456686
-0.666064
0.894985
0.58318
-0.970707
0.247405
-1.90936
-2.67442
0.106937
0.765036
-0.747096
0.333693
-0.53591
-0.630317
1.16923
-1.85749
1.11448
0.640632
-1.47986
-0.218965
-2.38833
-0.920754
0.443437
2.7398
1.93082
-1.03331
0.39698
0.562686
0.691056
-0.228135
0.441487
-0.31841
1.14114
0.43667
0.050952
0.0614776
-0.813481
-0.401636
-0.412567
0.878812
-0.441966
-0.731357
0.8632
1.60295
2.17116
0.300387
-0.149222
-0.904058
-0.153938
0.176563
-0.37834
-0.578978
2.08203
1.07721
1.27691
0.678477
-0.108862
0.516376
1.18562
-0.0518641
-0.605516
-0.33503
-0.501393
-0.0263284
0.188572
0.514717
0.403629
-0.373297
1.14173
0.59501
1.03535
1.94252
1.27982
0.389141
1.49449
0.275455
0.0135099
0.537172
-1.24048
1.02931
-0.113177
-0.44288
-0.011934
-0.280195
1.56148
0.559521
-1.28762
-0.715393
0.662663
1.81289
0.226776
-0.488523
2.54102
-0.686032
1.01613
-0.248864
-0.735866
0.215641
-1.02119
-0.159995
1.68713
1.23985
0.32454
0.0776228
-0.950213
-1.24885
-0.0642021
1.07522
0.354066
-0.648037
0.0385662
-1.24661
0.0193033
-0.165279
0.233512
-0.75993
-1.53206
0.492197
-0.519035
0.421697
-0.711181
-0.906879
1.15131
0.925975
1.1894
1.60608
0.823184
-0.0787967
0.688968
-0.452794
0.452903
0.774724
0.362325
-0.049662
-0.00132114
0.250222
-0.281779
-0.711619
-1.01112
-1.47032
0.627735
0.168886
-0.486022
0.835826
1.11832
0.156071
-0.175808
1.06508
-1.77966
1.12813
0.276722
-0.113922
-1.18832
-0.343351
-0.526233
-1.38587
-0.236991
-0.771443
-0.568535
1.75833
-1.31301
-1.63748
-1.84809
-0.472242
0.692385
0.483021
-0.738769
-0.430825
-0.57642
0.78317
0.649312
0.0974698
0.186338
-0.567282
-0.0543579
0.613531
-0.382367
0.484077
0.161297
1.38232
-0.640131
-2.10366
0.113889
-0.474089
-0.761628
-1.3762
-0.177807
0.471727
0.379484
0.371842
1.24818
-0.579289
0.230935
-2.36794
0.154609
0.798556
-0.251735
-0.444848
0.779304
-0.129031
1.53776
-1.09542
-0.727721
-0.168706
0.553023
-0.786374
-1.05819
-1.38182
0.491386
-0.191926
0.937227
0.666521
-0.427017
-0.70506
-0.295378
0.108
-1.39625
-1.99289
0.0528199
0.986459
-2.2881
-0.563924
0.718139
0.379715
0.835702
2.2906
-1.87851
0.220833
-0.596118
-1.08073
-0.064621
-0.785115
-0.4964
0.191735
0.50146
-0.142494
-1.78024
-0.498346
0.99822
-0.208797
1.47786
-0.258193
-0.787323
-0.294982
0.649669
0.457022
-1.49257
0.0254109
1.95824
-0.491223
-1.73738
-1.51222
-0.489508
0.405691
0.102581
-0.363812
1.05041
0.129841
-0.116957
0.177709
-0.520542
-1.46381
0.998509
-0.369919
1.36982
-1.36491
-1.35312
0.885677
1.86674
-0.745027
0.982129
0.612369
-0.967652
-1.70209
0.184062
-0.0550703
-0.91517
-0.26094
-0.25381
1.35616
0.260073
1.1482
-0.455997
-0.84955
-0.0920228
-1.09617
0.808471
-0.116131
1.12719
-0.0818111
0.790774
1.15836
1.42216
-1.25372
2.06485
-0.145928
0.583643
-1.18783
-0.804345
-0.0165044
0.562349
0.545728
-0.519074
-1.10387
-1.84402
-0.149696
-0.430513
-0.0876011
-0.336689
0.963354
0.612954
1.10593
-0.0718158
1.43681
-2.42518
-0.887276
-0.749358
0.89361
-1.3366
-0.646535
-0.926519
0.512972
0.22404
0.469615
-1.54534
-1.40075
-0.180368
-1.64129
-0.379387
-0.923516
0.387926
-0.919289
-0.845851
0.761417
-0.450909
-0.0642182
1.43716
-0.711343
0.254569
-0.327925
1.61766
0.0242324
-1.02105
-0.580582
1.62514
0.588128
1.06046
0.731571
-1.24707
-0.355876
-1.18959
-0.491487
-1.00248
-0.06544
-0.127973
0.0176327
0.664219
0.869736
0.74647
2.19716
-0.658755
0.559975
0.650449
-0.0879266
-0.540197
0.0225685
0.111152
-0.225796
-0.875824
0.665528
-0.967755
-0.369354
2.09713
-0.0640811
0.0440798
-0.314719
-0.38349
0.534628
1.06572
-1.00208
-0.808837
0.378006
0.681163
0.203133
-0.227659
0.365637
-0.269935
1.68668
-0.14605
-0.848656
-0.924074
-0.599818
-0.205376
2.99438
-1.02042
0.685551
-0.614646
0.887207
-0.201531
-1.22753
-0.998623
-0.755801
0.88051
-0.193431
-0.159743
-0.52887
0.971987
-1.82613
0.648273
-0.631477
-0.524333
-1.02516
-0.324983
-1.56677
-0.808416
-0.107839
-0.899915
0.293534
2.36821
0.552507
1.46835
-0.105843
-0.0640101
2.18139
1.05279
-0.870829
-0.248289
-0.0337749
-0.564507
0.24022
-1.53561
-0.78407
0.24864
1.58761
0.77648
1.08954
-0.171417
-0.245149
-2.11823
-0.340539
-0.33283
-0.0946722
0.157584
-0.390117
-1.00428
0.105272
0.127251
0.620743
0.0310517
0.637629
1.57873
-1.09888
2.39004
0.236864
-0.185398
-0.249989
-0.516965
-0.204944
0.351292
2.3194
-1.5079
0.186694
-0.582271
-0.459042
0.615601
-1.17373
0.624747
-1.65722
0.436438
0.174459
1.51536
0.0263627
-0.73774
0.527098
-0.399644
1.03949
-0.57547
0.19503
-0.683348
1.17871
0.207435
0.337367
-0.604414
-0.812889
-0.277678
0.627744
0.301541
0.625084
0.404574
1.36586
0.706613
0.555353
-1.78303
-1.27706
-0.710704
-2.81163
-0.678946
-1.07782
-0.387291
0.983276
0.869412
-0.829395
-0.243642
-0.717881
0.619152
0.0251797
-1.57618
-0.531726
-0.685364
-0.345377
-0.652969
-0.428755
-0.478988
0.777363
-1.26344
-0.929945
-0.532032
-1.29804
-2.22394
-0.452352
0.363786
-0.445596
-0.776035
-0.393265
1.13524
0.403044
-0.182062
-1.20969
0.28688
-2.00418
-0.315835
0.862943
-0.213154
-0.0149956
0.454515
0.30835
-1.80857
-0.813693
-0.336873
-2.39955
-0.0428694
1.60519
0.75228
0.0144202
0.586485
-0.575659
3.40681
-0.516043
-0.18516
-0.321209
1.72535
-1.9395
0.893987
-2.18507
-1.00602
-1.79279
-0.442019
-0.491798
-1.20878
0.534175
0.532423
0.10504
0.3899
-0.705963
0.244374
0.0102771
0.48568
1.52738
-0.0780493
0.910523
-0.934633
0.446157
-0.0392484
1.37142
-1.03369
-0.712256
1.18534
0.283416
-0.787456
0.539122
-1.40188
-0.971792
-0.805786
0.110244
-0.473594
-0.289509
0.128667
-1.19092
1.72699
1.34759
-1.06257
0.979005
