0.0986844
-1.62454
0.202375
1.18598
0.117328
0.103226
-0.420013
1.02663
-0.47105
-0.21829
-1.08034
-0.0952889
0.582672
0.632105
0.234769
-0.326674
1.21417
0.489203
0.947018
-1.44294
0.134236
0.807105
0.923385
-0.530611
-0.419024
0.626562
0.580762
0.538888
0.207613
1.81399
-1.34669
1.69325
1.60605
-0.017469
-0.283163
-0.784151
0.527522
-0.845448
1.29003
1.35348
0.160724
2.44496
-0.273041
0.658229
0.799109
1.12238
0.144793
-0.863087
0.509618
-1.58322
-1.41697
0.317369
1.37869
-0.691413
-0.0986285
-1.82177
-0.352002
-1.07264
-0.911984
0.0542
-0.169589
0.461216
1.54787
0.860222
0.531672
0.86851
1.32878
1.78598
-0.91054
0.640462
0.179507
0.00304783
-1.20105
1.15914
-0.753223
-0.37779
-0.924532
0.210511
2.27285
-0.095587
-0.427653
0.754782
0.831646
-0.0404321
-0.25915
0.301044
0.680887
-0.00845455
0.911885
-0.715626
-1.19773
0.385524
-1.11499
0.486219
1.97691
1.73778
0.825754
0.0845392
0.0914864
0.684394
-1.3912
-1.22723
0.404112
-0.943019
-1.22771
0.511391
0.0240256
-0.196011
-1.00438
1.63908
0.926875
0.860844
0.0525372
1.26285
-1.16357
0.574905
-0.792303
1.33205
-1.35926
0.618892
-0.313167
0.458766
0.183969
0.807941
-0.369815
-1.05146
-1.02837
2.69553
0.000654999
0.0969325
-0.14972
0.223454
0.388099
-0.688081
0.140943
1.14266
-0.284316
1.04332
1.4931
-0.390648
0.492629
-1.57986
-0.708696
1.02241
-0.546375
-0.904114
-0.217261
-1.05903
-1.41338
1.22534
-0.820789
0.167399
-0.0588757
-0.968531
1.05644
1.11933
1.34109
-0.144289
0.230607
-1.84206
-1.13613
1.99443
-0.357644
-0.438247
-1.4126
-0.00629699
-0.686475
0.537429
1.07659
0.849078
-0.569639
0.765833
1.3256
-0.546249
-2.50916
-1.43179
0.0942714
-0.585804
-0.40079
0.436239
0.0932503
2.00426
0.689353
0.447471
-1.6469
-0.667851
1.4844
-1.1361
1.12128
-0.325594
1.19027
0.8432
0.420929
0.776082
0.682042
-0.789497
1.36445
0.420215
1.21978
-0.424389
0.269298
-0.56662
0.338565
-0.69821
0.287832
0.554983
-0.176461
1.01336
0.557913
-0.595584
0.199204
0.300044
0.623624
-0.608254
-0.148332
-2.87462
0.447324
-0.551864
0.0110504
0.73267
-2.2989
-1.13494
0.791286
-0.0877598
-0.165545
-0.110213
-0.809584
-0.0368771
-1.06701
0.125904
-0.25375
1.66982
-0.103799
0.224387
0.684191
0.618599
0.0148207
1.02963
-0.0196504
-2.38027
1.03574
0.0339774
0.987516
-1.56089
-0.7244
-0.0403696
0.638397
1.44442
2.51652
-0.656043
1.64939
-1.40868
-1.69088
-0.746747
-0.415364
1.08022
0.678619
1.30177
-1.62838
1.13866
-1.76213
-0.0663265
-1.79951
0.248787
0.774047
0.14664
-0.232549
-1.60472
0.229002
-1.51252
-1.42916
0.1128
-1.7624
-1.48605
-0.19755
0.629607
-0.454108
-2.25586
-1.01381
0.4401
-0.594312
1.9703
1.34538
-2.48343
-0.618954
-1.43617
0.79769
-0.347334
0.477258
-1.23395
-1.00344
-0.0373106
0.364349
-0.656339
0.256651
-2.27241
0.793432
-0.33428
0.135765
-0.531298
1.04973
0.616138
-0.680671
0.0848096
-0.309222
-0.176492
0.769878
-0.11798
0.153763
0.494957
-0.538598
-0.259176
0.323944
-1.04127
1.4789
-0.214011
-1.99975
-1.56752
0.166545
-1.3951
0.776658
0.945858
0.509661
0.411606
-0.760282
1.94611
-0.892712
1.0691
0.664157
0.254847
1.99133
-0.205135
1.40703
-1.17313
1.54533
0.0257081
-0.127153
-0.963319
0.317008
-0.425903
0.501682
-0.434372
0.884619
-0.120682
0.848847
-0.195211
0.826967
-0.155721
1.40161
1.52581
-0.789935
0.645527
0.254717
0.356253
-0.115647
-0.634725
-2.02561
0.634757
0.569281
-1.2204
2.21742
-1.11504
-0.0109809
2.45784
0.395268
-0.754653
-1.29443
-1.93467
1.89785
-0.800229
-0.454953
0.47462
-0.313041
0.172203
-0.0937066
0.626275
1.51731
-0.319482
0.676582
1.36324
0.924709
0.916624
-0.0238984
-0.121922
2.25487
-0.940932
-2.39549
0.889906
0.45711
0.106579
1.30034
0.344468
0.0890584
-0.167392
-1.33958
0.782875
0.773423
-0.236372
0.497215
0.809416
0.34968
-1.49421
0.0898665
-0.037158
0.965391
-0.152487
-1.18425
0.156367
0.499744
0.23612
-0.868313
0.256506
-0.135772
1.41405
-2.8488
0.46726
0.851749
-0.878244
1.05185
0.096417
0.717689
1.20008
0.283528
-0.408064
-0.440163
0.0277021
-0.00282096
0.350617
-0.922802
0.301314
1.25523
-1.54877
-1.10632
-0.321548
0.9725
-1.07028
-2.22673
-0.890225
-0.75624
0.104266
-0.371457
-0.667223
-1.2405
0.145031
-1.48758
0.623555
0.776341
0.254529
-0.589169
0.187756
-0.0385706
-1.32094
0.95171
-1.08182
2.53387
-0.109046
1.75352
0.26125
-2.38868
1.85993
0.249685
-0.781813
-1.43765
0.955242
-1.17128
-2.0476
-0.171419
0.946834
1.59421
-0.20458
0.96865
-0.407085
0.210995
0.276103
1.12214
-1.97606
1.23332
-0.19052
-1.87614
1.16626
0.275736
0.146608
0.97386
0.0771513
-0.25555
2.03454
1.13852
1.76395
-1.58775
-2.7373
1.34227
-0.956068
-1.62174
0.846656
-0.438519
-1.47
0.962592
1.42126
-0.425865
0.0287379
0.00246617
-1.48378
0.502587
0.216044
0.980498
0.646578
-0.427395
-1.40158
-1.75661
0.472201
-0.795748
0.399266
-1.06977
0.0078745
0.0160545
0.300884
-2.40851
-0.143781
0.334274
0.349158
-0.7552
-0.404578
-0.0518791
-0.267911
0.295837
0.209998
0.511785
2.44067
0.336542
0.429337
-1.35163
-1.56696
0.371424
-2.17572
-0.0715447
0.772984
-0.22427
0.455185
0.108616
1.36706
-0.487439
-0.291164
-0.719671
-1.66002
-0.429733
-1.99733
0.562714
1.10914
0.613908
0.734518
1.2745
-1.58786
-0.0497866
0.0411284
-0.545837
0.266701
0.985922
-0.644608
0.385135
0.978035
1.37008
-0.714403
0.877857
-1.78411
-0.898381
-0.324499
1.28759
-1.32419
-0.862967
0.0865164
-0.787187
1.04299
-0.0675629
-0.827399
0.532962
1.12452
-0.559687
-0.96041
-0.209383
0.745208
1.41713
1.92124
1.50189
1.45038
0.516514
1.40898
-0.973609
-1.50221
0.595249
-1.7484
1.0503
-0.890911
1.15066
-1.02609
-0.576071
-1.15776
-0.335096
0.861618
-0.752896
-0.636161
0.32004
-1.02399
-1.36719
-0.55327
-0.624243
0.989964
-0.749775
0.385062
-0.498442
-0.882408
0.252893
1.04747
0.759293
0.493881
-0.102483
0.613719
0.80939
0.530002
-0.728952
0.968059
0.702948
1.16583
0.586913
-1.96058
1.32679
-0.448732
0.0806317
-1.6111
0.152054
-0.261171
-1.19959
-0.299665
0.353556
-1.31625
-1.58999
-0.860771
0.310902
-0.645492
-0.876115
-0.301228
1.53284
2.52418
-1.5689
0.924713
-0.506694
-2.53396
-1.611
1.35394
0.246019
0.656298
-0.754106
-0.197784
-1.29978
-0.465005
-1.0251
-0.137925
0.793762
0.663919
0.710561
-0.0280909
-1.98291
0.360062
0.278569
0.114978
-1.30879
0.673211
-1.13422
1.89966
-0.252273
-1.51183
-0.409072
-0.639075
0.557091
-2.21662
-1.03478
0.53712
-0.629395
-2.08889
-0.562788
1.54518
-1.0243
0.23255
-1.55747
-0.657866
1.56633
0.485595
0.214291
0.339906
-0.0438395
0.737898
0.576398
-1.30228
0.159986
-0.790335
-0.0918591
-2.80225
0.0329892
0.786377
-0.407547
-1.50229
-1.518
0.0117962
-1.79497
1.2127
1.30315
-0.263362
0.53274
-2.02166
0.81752
-1.05651
1.95243
-0.87879
-1.29265
0.365257
0.292725
1.11895
-0.236171
0.963175
1.53494
-0.5533
-0.0164919
0.928924
-0.312647
0.187836
0.237197
-0.446146
-0.570728
2.08377
0.180981
-1.50371
2.14916
0.3093
-1.16779
0.259055
1.74245
1.07952
-1.30502
-1.13357
-0.421841
-0.0354624
1.16768
0.902055
-1.59441
-1.99977
0.527495
0.946938
-1.27611
0.622631
-0.16635
1.88536
1.644
0.287943
0.639414
-1.2018
2.38936
0.913332
0.453104
-0.662527
-0.194512
1.40974
1.03327
-0.317228
-0.734605
1.66199
-2.33641
0.498366
0.918607
-1.81837
1.22408
0.825405
0.703267
-0.0690991
0.80714
0.313344
-0.0703791
0.0994385
-0.279418
0.635341
1.29334
0.66937
-0.605188
0.199026
1.58045
-0.735705
0.496344
-0.71604
0.223823
1.49807
-1.7042
0.111013
-1.44838
0.812537
-1.31554
-0.805645
-1.54763
-0.0681539
1.41515
0.550918
-0.284972
-0.952464
0.247794
0.416637
-0.0171595
-1.26834
1.06641
0.320547
0.651667
0.177401
0.412572
0.749632
0.138862
-1.00612
2.00149
-0.252592
-0.272953
0.0151803
1.40385
1.17316
0.429763
0.129586
0.794631
1.40207
-0.946869
-0.103531
0.532226
-0.26128
-0.288526
-0.554913
0.342947
-1.30809
1.39194
-1.04716
0.397119
-2.05407
1.55443
1.31852
-1.68597
-0.791798
0.84041
-0.0913763
0.743504
0.365067
0.448327
-2.08758
1.00304
0.283477
-0.0552758
-0.316088
-1.02052
-2.09081
-0.745259
-0.343765
-1.56278
1.04896
-0.287209
1.02307
0.360707
0.146351
0.692269
0.437106
1.98373
-0.723052
-1.914
0.871165
-0.469333
0.148646
-1.45555
-0.811604
1.44087
-0.76138
0.260678
-0.191638
-0.602943
0.889253
0.551738
0.780186
0.750932
-1.03582
-1.02151
1.02917
-0.280455
-0.932727
-0.44463
1.50099
0.169101
-1.12818
-0.4588
-0.229663
0.0378097
-1.09176
0.599033
-1.56744
-1.84114
0.776539
1.48668
1.09525
-0.0693313
-0.826798
-0.0408201
-0.00229933
-0.527248
0.597632
-0.527644
-0.217072
-0.73312
0.870693
0.705908
0.0801174
-0.28911
-0.706048
1.39043
-1.51348
0.399299
0.996207
0.270121
0.656532
-1.39716
0.0849295
1.8338
-0.218367
0.613022
0.750226
0.0431902
0.698278
0.0716973
-2.1439
-0.143027
0.435158
-0.511002
-0.386827
-0.121242
-0.359258
-2.59204
0.916223
1.7119
0.00960858
-0.436427
0.557145
0.16843
-0.607835
-0.805077
-0.0875993
0.232914
-0.13017
-0.69424
-0.364291
-2.14322
0.428924
-1.19371
0.358234
-1.02449
-0.81203
0.192058
-0.204519
0.309663
0.529763
1.38141
1.83363
-0.513485
0.73891
-1.27356
0.727126
-0.536802
-0.0678162
-0.158953
0.87171
2.6288
-1.46787
-0.887934
-1.74512
-1.0513
0.385373
0.627119
0.537086
1.50156
-0.3862
-0.600548
1.27064
-0.429353
2.20255
-1.32275
0.442706
-0.178908
-1.25541
0.0692575
0.894214
1.54911
-0.843722
-0.0612672
0.990699
-1.57544
0.526804
1.81314
-1.45012
-0.381476
-1.20405
0.385889
-0.427058
0.31207
0.733338
0.505673
0.332014
-0.616916
-0.240105
0.659169
0.23677
-0.649038
1.01883
1.71548
-0.320061
0.0359095
0.245624
-1.19033
0.279746
-0.517262
-1.10328
-0.865689
0.148068
2.14659
-2.16892
-1.29124
-0.131374
0.493972
0.0999493
0.272333
1.72491
-0.227067
0.201051
-1.61123
-0.561911
1.3342
-0.906812
0.00842721
-0.646361
0.653651
1.04357
0.783246
-0.764767
0.599375
-0.528402
-1.25867
-0.12928
-0.732583
0.0961251
-1.09347
0.446203
-0.689552
-1.05196
-1.21729
0.833565
1.28137
-1.02611
-1.27382
0.398123
-0.0892445
0.604181
-1.01933
-0.677285
-0.0985114
-0.695137
-0.578124
0.653199
-0.514454
-0.798384
1.69447
0.00740498
1.11685
1.0027
2.21325
-1.56379
-1.78786
0.568362
-0.0832099
0.753973
1.28594
-0.297717
0.0371365
1.12839
0.509333
-0.391568
-1.90887
1.47376
-0.42619
0.0631178
-0.253149
-0.0514516
1.46982
1.09913
0.383376
0.776301
0.301909
0.834954
0.620459
0.524844
-0.00890572
-1.1598
-1.11233
-0.817451
-0.151095
-1.50039
0.314179
-0.893799
0.850718
-1.4186
-0.00572088
-1.16173
0.0019402
-0.744032
-0.192283
0.612586
0.625684
-0.136882
-1.25991
0.396869
-0.781156
-1.42879
-0.73216
0.207688
-1.65974
-1.09719
1.38512
3.90626
1.0003
0.559336
-0.437076
-0.178493
0.488894
-0.453431
-0.181446
0.35051
1.95947
0.497011
-0.307571
-0.99903
-0.117778
-0.899365
1.06699
-0.687224
-1.20085
-0.780409
0.271867
-1.3004
-0.670165
-0.548015
1.42447
-0.0020895
-1.68986
-0.746473
-1.11152
2.42608
0.970761
-1.4654
-2.00411
0.642445
1.59314
0.238075
1.2101
1.89459
-0.734657
-1.77437
-0.145737
1.36554
-0.321592
-1.68098
-0.399727
0.573804
-0.154371
2.18241
-0.660217
0.341694
-0.947661
-0.456547
0.45247
-1.92784
2.25324
-0.695848
0.0391469
-1.79085
0.239868
0.170935
-0.830687
-1.29799
0.047165
-3.55379
-1.33024
0.992196
-0.0232155
-1.00408
-0.771
-0.993241
-0.134048
-1.16795
1.11721
-1.90692
-1.84222
1.47315
0.21623
-0.436368
0.0124409
-1.08007
0.525254
-0.887124
-0.860253
-0.257037
0.0214481
-1.5555
0.309031
-1.13419
-0.497488
-1.55985
-0.575488
-0.929394
-1.33916
2.14091
-0.0109315
-0.076475
-0.0610491
2.44429
0.981668
-0.830579
-0.146193
-0.406825
0.0846791
-0.213692
-0.822924
0.861132
-1.28006
0.128446
0.217476
1.26006
0.356181
-0.689501
0.635747
0.717895
1.31718
-0.35709
0.323682
-0.442105
1.7847
-0.30938
-0.473664
-1.441
1.52641
0.136824
-0.156362
0.0222464
-0.268822
0.827731
1.37367
-0.672467
-0.710098
-2.37719
-0.761595
-0.621216
-1.65672
-0.388139
-0.303509
1.23745
0.0692898
-0.854387
0.572067
-0.476316
0.943385
-1.62014
-0.492681
1.65843
1.06754
-0.888189
-0.389858
0.985317
0.539566
0.774725
0.626654
-1.43866
-1.20053
-0.224906
-1.04062
-1.95844
0.0721788
-0.147438
0.409859
0.292861
2.05116
-0.0674001
-1.14556
-0.35186
-0.4655
-0.736932
-0.867148
1.52385
-1.49205
0.467382
-0.258916
1.2814
-2.23799
1.137
-0.267175
0.229816
-1.05396
0.726508
-0.236042
1.46667
-0.0754081
1.84902
-1.25183
1.95742
-0.207747
0.199404
0.594067
0.280513
1.14721
-1.11393
-1.08749
-0.181868
-0.402769
0.116728
1.5086
-0.717208
0.401875
0.970813
0.942878
-0.539096
1.8219
0.875472
-0.226999
0.304611
-1.11693
1.74292
-0.173704
0.807631
0.854733
1.40574
1.41879
1.75758
0.166271
-0.189975
1.43139
-1.85268
-0.735046
0.88626
1.51888
0.480514
-0.611747
-1.61729
-3.46249
-0.259808
0.285112
-0.33649
-0.932828
-1.59992
-0.442922
-0.9557
0.551617
-0.536652
0.121935
-0.779553
-0.452793
0.669051
2.22808
0.291165
-0.297886
1.19796
-1.17345
-0.470796
-1.24153
0.108828
0.29104
-0.259918
-0.874845
1.061
-0.403764
0.191813
-0.877344
-0.80981
-0.803149
-1.16065
-0.72889
0.77709
-0.31038
-0.384777
2.01105
0.0132819
1.17759
0.348106
-0.121
-0.80038
0.0156508
0.290132
-1.18344
1.11258
0.733039
-1.69173
-0.659315
0.56634
-0.034385
-0.859977
0.606044
-0.0550682
-0.139007
-0.260441
0.407351
0.652005
-0.0014394
0.830232
2.62427
0.252785
-0.762259
1.77555
-0.270953
0.890484
-1.09492
-0.102324
1.05304
3.6501
-0.755585
0.619494
0.366545
-0.857258
-1.34354
0.899362
1.73778
-1.52734
0.0105094
1.24301
-2.03463
-0.0230197
-0.404225
0.259797
-0.151319
-0.314532
0.147238
-0.391799
1.14321
1.43412
0.634363
-0.354695
-0.21997
1.1363
-0.903686
0.401295
-0.989523
-0.965758
-1.86651
1.76054
-1.17813
-0.408998
0.115166
-1.09917
-1.1659
-0.558791
-0.169081
0.271137
0.41283
0.855241
-1.62042
-1.18102
0.17752
0.994624
-1.13933
-0.174893
1.0877
0.320833
1.81689
-0.616782
0.432892
-2.20706
-0.226102
0.699486
0.985858
0.699718
0.655162
-0.575967
0.141856
-0.957792
-1.44693
-0.0229666
-0.967655
0.677837
-0.373008
0.573875
0.47038
-0.522716
-0.664362
0.467609
-0.778775
0.341806
-0.836869
-0.082493
-0.0531952
-0.129699
-1.02796
-0.860214
-1.50931
0.605425
-0.0821078
-0.162069
0.491324
0.230602
-0.616757
0.735216
-1.60704
-1.59106
-0.276336
0.972512
3.36451
-0.0732116
-0.270891
-0.526095
1.67284
-0.536637
-0.195764
0.156736
0.981731
-0.819236
-1.5113
0.143457
0.874808
0.998227
0.00240047
-1.71107
-0.00474958
0.654548
-0.921056
0.169773
-1.70733
0.348327
0.206159
-0.806018
-0.143983
-1.19085
-0.48184
0.379178
-1.37007
-1.39667
0.324725
-0.534869
-2.24822
-1.8522
-1.3172
-0.231631
-0.44385
0.222107
-0.152188
-1.86875
-0.380595
1.11587
-0.860961
-0.687094
-0.024368
0.389869
0.258913
0.565932
0.406684
-1.02634
-0.308479
-0.361273
1.75507
0.412028
0.870721
-1.42537
-0.469265
0.104267
0.253973
-0.232192
0.972858
-0.680535
0.30008
0.659308
-0.138986
1.15196
-1.16961
0.685579
-0.499454
0.313783
1.91534
-0.866515
1.0749
1.44606
-1.14155
-0.754417
-1.20628
0.219872
-0.443991
-0.531326
1.26504
-2.35623
-0.766606
-0.731468
1.47124
0.762628
1.24646
1.35622
-0.356499
0.655361
-0.707501
0.168787
0.121732
-0.384145
-1.03418
0.985692
0.550621
-0.33204
1.44518
0.0458489
0.133913
-0.783737
-0.194525
-1.0973
0.433738
-0.750478
0.710075
1.40957
-0.650514
-0.223618
0.970936
-0.239402
-0.0286753
-2.02623
1.1851
1.27156
-1.78311
-0.739317
0.0588843
1.90974
0.267349
1.54551
0.454386
-0.104635
0.100608
-1.28635
-0.660888
-0.0601571
-1.06222
-0.0939194
0.568064
-0.314088
-0.584294
0.442516
0.0140986
-1.64967
-1.3834
-1.06554
-0.766388
-0.325293
-0.913686
-0.298999
-1.23063
-1.96944
0.89246
0.735374
-0.882151
0.960322
0.44339
-1.3887
-2.0473
0.721434
-2.44768
0.635368
-0.54215
-0.748502
0.475886
0.420744
1.24197
-0.665376
-0.752184
-0.382326
-0.706753
1.3382
0.288323
0.244796
-1.00548
0.202795
-0.0896885
-0.721052
0.103216
-0.339274
1.63709
0.400942
1.00571
1.09907
0.153258
-1.15341
-0.0143886
-1.97765
0.749779
0.542253
0.663429
0.660188
-0.112625
-0.493148
-0.485265
-1.13236
-0.548575
0.318886
1.73994
0.947361
0.613393
0.23385
-0.203038
0.445325
2.57135
-0.0780567
-2.73192
-2.0679
1.0873
1.66751
2.1417
-0.512521
0.87413
-1.9047
0.533172
0.631087
-1.11646
-0.0862491
-1.46143
1.56921
-0.646201
1.10464
2.14302
-1.20912
0.568703
0.0526316
-1.41847
-0.348003
0.652625
0.214797
-0.423644
-0.334684
0.376404
0.526187
-0.677968
-0.302327
-0.568076
1.04842
-0.472685
-0.301093
0.110959
-0.492578
0.61273
-1.05496
-0.527295
0.944882
-0.373757
-0.837792
-0.992897
-0.32209
-0.599891
0.73074
-0.614506
0.824159
-2.29274
-0.537251
0.410441
-1.34709
-0.855598
1.21278
-0.624763
-1.93464
0.376286
0.682835
0.444313
-0.209512
0.371497
1.46329
0.244672
-0.0928115
-0.992432
-1.00546
-1.77089
-0.0144748
0.283817
0.537621
1.21474
0.198855
0.923698
0.287587
-0.169297
-0.515584
-0.856993
0.102937
-1.35529
0.406258
-0.233274
-1.48051
-0.572543
-0.934116
-0.480173
1.6802
0.133489
0.210942
-0.0614201
1.02164
0.450611
0.231954
-1.19497
1.1183
-1.0543
-1.05755
-1.20523
-0.833944
-0.279492
-0.528478
-0.490784
-0.640772
2.28871
-1.35454
0.257356
2.20247
-2.11856
0.426236
0.474224
1.77566
-1.08579
-0.214984
0.679538
-0.0497301
0.520289
-0.30984
-1.20036
0.288244
-0.856727
0.501097
-1.4567
0.510405
-0.573392
-0.0929664
0.562898
0.912053
-0.0255582
-0.269417
-0.830733
-0.54486
0.398636
1.90962
0.595834
0.639231
1.28858
0.45359
-0.542351
0.121758
1.24997
-1.81871
-0.691034
0.594818
0.0625266
0.557811
0.286096
-0.474909
-2.83729
1.7097
0.71018
-1.35514
1.0308
0.857454
0.618204
0.55048
-1.04051
0.786239
-1.63002
-0.549884
0.589458
-1.41715
0.297803
-1.14502
1.63912
0.381891
0.29342
-1.47472
-0.265276
0.383376
0.0329863
-0.214645
-0.789563
0.641043
0.104671
-0.577833
1.51138
0.241352
-0.803044
1.6423
-0.539773
0.923878
-1.38804
-1.53552
-0.528354
0.793555
-0.361398
0.0480055
0.876093
-1.20283
-1.30217
0.292847
-0.00403128
-0.150989
0.631384
-0.817538
-0.376286
-0.745437
1.64656
-0.230475
-1.21986
-0.332442
-0.0972114
-1.80342
-0.435561
1.61725
1.94583
-1.09486
0.838289
0.247143
0.540541
0.0932977
-0.755748
0.439653
1.86617
0.00426415
0.341301
-0.158944
0.297477
-0.851146
-1.28936
0.596861
2.23965
-1.00003
0.642554
0.434561
0.441004
0.0617023
1.07929
0.61077
1.21202
-2.92864
-0.0553051
-0.300417
0.349256
0.171434
-1.35145
1.40961
-1.50385
-0.94016
0.751379
0.935672
1.072
-0.661542
-1.07484
-0.0126614
1.55587
0.549695
1.31679
0.129569
-2.46702
-0.0875792
-1.33872
-2.5791
-1.28784
0.0410274
0.0473994
1.31207
-3.15337
-1.78932
-1.75295
1.19055
-1.40172
1.17324
1.37686
-0.00653754
-1.2656
-0.328038
-1.33389
1.04
0.316988
1.02466
-1.77729
0.335403
1.42371
-0.570019
0.129647
-0.0464588
1.13358
-0.323936
-0.749106
-1.09399
2.95437
0.768168
0.294661
-0.246921
-0.466247
-0.183624
-0.687333
1.0601
0.118678
0.745404
1.93247
0.450051
-0.502443
0.667263
-1.66249
-0.182332
-2.58258
0.307767
0.0916504
0.0724024
1.02766
-0.0176128
0.26138
-0.266026
-1.18571
-1.32981
1.20053
0.354688
-0.80775
0.00598124
-0.0300354
-0.867752
-1.33738
0.243515
-1.03576
0.231444
0.737553
-0.0358432
-0.862769
0.731905
-0.0815965
-1.56879
-0.437545
-1.14026
-0.206201
-0.195217
0.138996
-0.116261
1.22678
-0.369987
0.431419
0.480569
-0.58544
0.725433
0.06184
0.312196
-0.350749
-0.581298
-1.06871
1.67686
-0.212421
2.70604
-0.157943
0.474125
-0.079429
-1.58408
-0.3021
-0.434047
-0.149639
0.93102
0.889284
0.502401
-0.629735
-0.862119
-0.388667
-0.734905
2.60469
0.260974
0.160659
0.855783
0.396569
-0.764643
-0.548021
-0.886358
0.864357
0.740508
-0.427441
0.871936
0.60991
0.589877
-1.16645
0.691438
-1.28537
-1.2223
-0.891681
-1.57496
-1.69038
0.0364054
-1.78394
0.146226
-0.0898079
-0.629397
-0.377411
0.585872
0.529823
-0.0564616
0.0720324
-0.416938
-1.48462
0.126065
0.0166801
-0.221964
1.17153
-0.336984
-0.539268
-0.168096
1.65111
1.10091
0.746432
-0.250662
0.985847
0.25949
2.59572
-0.128596
0.112014
-0.444419
-0.811051
-0.296927
1.008
-2.79856
1.38043
1.11442
0.462445
-0.577797
-1.44653
-1.11706
0.437725
-1.22482
-0.910974
-1.06556
-0.778844
0.504844
1.41476
0.111893
1.11364
-1.61336
-0.537463
0.990326
0.192506
-0.454163
0.00791876
-0.8272
1.01146
-1.67002
-0.354356
0.477602
0.500837
0.237891
0.442912
-0.607156
-1.15952
-1.05846
-0.170447
0.30458
-0.606041
0.172765
1.39191
0.180376
0.137382
0.238026
0.736911
-0.131044
-0.100539
0.419872
1.37611
-0.547469
3.1956
-0.394592
1.38494
-0.4742
0.246793
-0.479066
1.11106
1.95441
0.726017
-0.34737
-0.306362
0.404179
-0.462667
-0.541349
0.29792
0.589278
-1.46766
-1.1615
0.0633675
1.09422
-1.44928
1.64351
0.712458
1.31705
-1.19305
-1.55241
1.34639
0.179905
-0.719053
0.898457
0.734808
0.916258
-1.81308
-0.394759
-0.133916
-0.416445
0.296173
1.55953
1.81832
-3.14896
1.03072
0.419273
-0.626986
2.71255
0.185067
0.0771112
-0.382244
1.17456
-1.10146
-1.25951
0.39505
-0.699754
-1.48165
0.218709
1.07459
0.243183
0.551458
-0.520969
-0.992976
-1.8001
0.151452
0.810855
0.26209
1.21052
-0.177063
0.787969
-2.11342
0.851742
-1.45654
1.80315
2.1765
-1.02356
0.438235
1.05207
-0.789871
-1.04956
0.364538
-0.36393
-0.30349
0.171137
-0.191598
0.426594
0.291555
1.49317
1.13926
-0.834309
2.06728
-0.946172
0.501521
-0.109482
-0.991282
1.40335
0.898843
0.547802
-0.179924
0.329088
0.108288
-1.69413
-0.134831
2.15333
-3.2694
-0.747266
0.2674
0.264741
0.517288
0.395746
0.273972
0.923217
0.69611
-1.37071
0.529708
0.95372
0.0493397
0.0305548
3.43452
2.37877
-0.792526
-0.418887
1.68413
-0.345025
-0.622806
-1.77641
-0.467171
-0.827796
1.13699
-0.690925
-0.626189
0.934393
-0.831337
-1.87837
-0.175917
-0.388836
2.13383
0.223386
-0.276216
-1.39104
-0.542745
-0.292126
-0.320454
1.55559
1.45243
-0.132682
1.13666
0.992137
-0.890379
0.791855
0.163705
-0.230939
0.633433
-0.573351
-0.235741
0.977641
-1.05685
-0.945399
0.608883
1.36047
-0.694898
-0.179971
1.00086
-3.16931
0.290996
-1.02635
-1.06665
1.30886
-0.938625
-0.23363
-0.239533
-0.530977
1.81372
0.716172
-0.324339
0.608766
-0.889445
-1.80921
0.888391
-1.50427
-0.648767
-0.463512
-1.87312
0.71122
-0.537727
-1.37328
-0.0914244
-0.920418
0.567696
0.661155
0.710106
1.65181
0.745079
-0.734484
0.989816
0.579998
0.820847
-1.07601
-0.0838705
-2.10688
0.799005
0.926124
1.57181
-0.614509
-0.206129
-0.868189
0.503379
0.233249
0.871892
-0.336965
-0.704871
-1.83093
0.0165001
-0.0981543
1.68872
0.48099
-0.0253754
-1.39896
0.667815
-0.175661
-1.98245
0.507654
-0.839298
1.24128
0.703692
0.627078
0.134768
1.04722
-0.0938081
-0.556409
-1.84774
1.817
0.646125
1.56769
0.435456
0.885623
-1.75525
1.85965
-1.35534
1.05114
1.13503
0.690089
0.142623
-0.0449345
-0.818912
-2.08764
-0.473813
0.73228
-0.668678
-1.06579
-0.191368
0.128501
0.215921
-1.5038
-0.353098
-0.511589
0.592672
0.941246
-0.738962
0.0416196
-1.8229
0.946858
-0.685897
1.14821
-0.81785
-1.45225
-0.652024
-1.76748
0.0243214
1.90235
-1.15066
0.911211
-1.16264
-0.0749691
-0.594967
-0.27257
0.261497
0.570718
-0.124472
0.485267
2.2779
-1.50006
-1.74618
-1.25762
1.05893
1.33329
0.897542
-1.18001
-0.23665
0.865865
0.923177
-0.802921
0.545763
-2.50124
0.556861
-0.0149628
0.449753
-0.115531
1.13495
-0.411159
-0.428716
-0.396077
1.11473
0.191328
-1.83922
-0.860628
1.56752
2.84421
0.971399
1.24741
-0.243641
-0.551466
0.347399
0.057856
0.921888
-0.378599
0.514705
-0.770663
0.81545
1.38984
0.380733
1.05768
-0.078702
-1.07242
0.265864
0.436515
0.831442
2.16086
-0.272345
-1.67597
-0.0226013
0.819596
-1.31998
-1.05777
-0.0814626
-0.990883
1.12861
-1.66552
0.223877
0.510944
-0.434796
0.254935
0.310328
-0.28683
-0.292002
0.665077
-1.18395
-0.149837
0.34363
-3.72284
-0.551715
-0.184202
2.13581
-1.45349
1.53891
-0.770321
1.48246
1.65872
1.37325
-0.500986
-0.553884
-0.465947
1.97659
2.08974
1.27749
0.439124
0.552849
1.21637
2.12949
-0.107431
-2.44194
1.62607
0.388045
0.00385231
-3.14617
0.856252
-0.715746
-0.72651
0.403898
-0.800397
0.351872
0.988217
0.160136
0.55935
1.94038
1.13289
-0.900376
0.193827
0.113218
1.28112
0.151463
-0.698546
0.660109
-0.221538
-0.879631
0.557962
-1.09765
-2.51856
-0.853848
0.731913
-0.35393
0.0891171
0.157665
-0.844272
-0.999709
-0.395193
-0.43314
-0.578435
0.50926
-0.224976
0.600565
0.309719
-0.492193
-1.69416
2.25386
-0.402981
-0.686624
1.39652
-1.43327
0.565615
0.5458
0.188431
-0.757374
0.0876819
-0.216042
1.29101
-0.366509
-0.391594
-0.571996
0.478648
-0.161082
-1.43787
0.444197
0.809059
0.413801
-1.82315
-0.201606
0.402227
-0.260606
0.557389
-1.41008
0.692728
-0.586826
1.70436
-1.47297
1.43453
-0.744631
0.126708
-1.09154
-0.687958
1.34969
-0.74014
-0.294316
-1.96087
-1.78125
1.0188
0.523847
1.59323
-1.62763
-1.9478
-0.0796979
1.34295
-1.05915
-2.82756
1.6574
-1.47155
-1.35003
-0.0883785
-0.72166
1.20337
0.311736
-0.189481
-0.181387
-2.66809
-0.128167
-1.17088
-0.335219
-0.520502
-0.0220398
-0.817583
-1.1851
-0.271293
0.699063
0.875415
0.788068
-1.01083
1.6098
0.284831
-0.704302
-0.389914
-0.775469
0.153397
-1.29695
0.4308
0.383954
2.14449
-0.806329
-0.753093
0.144991
-0.59389
-0.274006
0.152633
1.12066
0.444346
-0.113842
-0.996226
-0.913992
0.176113
-0.450631
-0.625385
-1.40421
0.766367
0.338467
-1.54276
0.994147
-1.15035
0.415266
-0.546804
0.50208
2.45061
-0.248075
1.05537
0.42038
0.0169125
1.13275
0.241795
-0.394982
1.05906
-1.56876
-0.135552
-0.640273
-0.184834
-0.369775
-0.31518
-1.03103
1.09841
-0.234598
-0.521791
-2.81756
0.801837
-0.173499
1.22822
-1.33822
-0.924406
1.31994
1.69282
0.77202
0.405088
0.141173
-0.56016
-0.754749
-0.557017
0.604177
0.636699
-1.17718
-0.530741
-1.4823
1.16105
0.549359
-1.17612
0.317962
-0.145619
0.0340648
-0.146855
1.77741
-1.53169
0.220582
0.628485
-1.19011
-1.51771
0.131064
-0.0736976
0.0654121
0.754429
-0.505882
0.603624
1.39011
-0.269974
-0.999046
0.976707
-1.03598
-0.678128
0.0350337
0.184669
0.00517802
0.20486
1.12014
0.260563
0.818928
0.640127
-0.139169
-1.56897
-1.5516
0.58898
-1.04301
-2.07822
1.44076
2.27062
-1.5273
0.327165
0.194722
-1.98618
0.627368
-0.191119
-0.324685
-1.09567
-0.833537
0.539428
-0.0790481
0.257543
1.53473
0.730731
0.407327
-0.906779
-0.818469
-2.41865
-0.116536
-0.136355
0.947399
0.925277
2.57325
0.320496
1.95242
-0.0293908
0.344827
-1.1768
-1.08924
-1.17639
-0.500958
0.953913
0.436231
1.4339
-0.411219
1.07228
0.753107
0.330982
2.41139
-0.539218
0.063476
1.23046
-1.57576
-1.30924
0.2021
-1.00108
-0.957303
-1.34662
1.73274
-0.163412
1.58315
-0.880192
1.26807
0.465919
1.1962
-0.748729
-0.352861
1.61508
1.84117
-0.414355
0.221006
-1.02876
-0.122544
-2.05782
-0.0694816
-1.05533
-0.154344
0.368628
0.869386
-0.177657
-0.604768
0.287809
2.05946
0.553468
0.225829
-0.510978
-0.340504
0.90777
0.0294993
1.84147
-1.83538
0.0130045
-0.0392567
0.430365
0.188525
0.579877
-0.809611
-0.395552
0.399167
0.518049
1.28425
0.0384191
-1.93271
-1.05861
-1.39053
0.280145
-1.19643
-0.37545
0.749996
-1.57537
-0.342433
-0.943283
0.504106
-1.12664
0.866857
-0.00730844
0.131639
-1.11724
-0.153975
0.242915
0.761919
0.276475
-0.741047
0.0948041
0.696818
-1.0654
-0.543012
-0.920567
0.0851481
0.602484
-0.085148
0.782528
1.73964
0.910707
1.04656
1.82325
0.129503
-0.549425
0.514895
0.475549
0.345548
-1.23031
-0.680841
0.971041
0.28298
-0.174204
0.574984
-0.0609223
-0.791727
0.0941978
0.877351
1.21882
-0.196948
-0.302647
0.826798
0.279639
-0.37711
-0.830863
-0.0615367
1.47452
0.719687
-1.00728
1.98756
-0.392472
1.63615
0.989862
0.862834
-0.405505
-1.11007
1.70697
-0.0501681
-0.572565
-1.6998
1.02999
0.189854
-1.42192
1.49366
-1.27728
0.469964
0.83162
-0.366826
-0.200625
0.869067
1.97509
0.690293
0.562877
-0.266963
0.313873
-3.16742
1.60199
0.56237
-0.84439
-0.504561
-0.720192
1.20459
-2.39797
-0.391653
-0.0382081
1.70006
0.0753627
0.550794
-0.990859
-0.394018
0.438468
-0.697584
-1.39001
-0.418895
1.73245
1.40989
0.527655
0.234012
0.877425
2.58285
-2.02367
-0.376717
-0.344177
0.589981
0.0316522
0.872965
1.24352
1.99677
0.283128
-0.272161
-0.79609
-0.867405
-0.295184
-1.05748
0.620743
0.424862
1.29347
0.825107
-1.79308
1.30946
-0.0362854
-0.518932
-0.0149195
-1.37518
0.995896
0.148341
-0.0212534
-0.830153
-1.39961
-0.998975
2.65001
-1.14031
2.30636
0.68388
-0.614834
-0.272566
1.60535
1.88295
0.634655
-0.889831
1.81263
-0.183736
1.43482
-0.523064
1.53294
-1.29038
1.54461
-0.270213
0.285278
-0.333233
-1.39881
-0.179006
0.410332
-0.256622
0.298995
-0.94453
1.03054
0.268957
0.290168
-0.89666
0.367997
-1.81514
-1.98491
0.203139
1.18731
-1.60355
-1.35509
0.206472
-0.0609632
-0.862433
-1.00093
-0.36064
0.220429
-0.567002
-0.552562
1.73463
0.465006
-0.330362
-0.758204
0.403697
0.43879
0.416965
-0.484357
-1.04129
0.895165
0.211205
-0.476811
-0.793446
-0.481961
-0.0789925
-0.0800001
0.350658
-1.25036
0.308674
-0.73508
0.30536
0.133498
0.40338
-0.482026
-1.08756
0.517306
1.24481
0.763981
0.495823
-0.952238
0.723843
-0.23081
0.10682
-0.111458
0.0801987
1.32945
-0.597247
2.17002
-1.698
-0.271477
0.497217
-0.181111
-0.181085
1.833
0.454347
-0.74452
-0.119106
-0.443422
-1.02353
1.09915
-0.623924
0.0513772
1.10366
0.640125
-0.430589
-0.656564
-0.202761
0.553913
0.334805
0.140814
-0.144448
-1.22316
0.874085
1.22643
-0.343159
0.953207
0.25474
1.19083
0.177943
1.47182
-0.631796
-1.83278
0.583823
1.50011
1.62406
0.533359
0.414294
0.097441
-0.562451
1.61681
0.451246
1.01242
-1.56893
0.195954
-1.6338
0.200854
-0.850011
2.65783
1.8878
0.449333
1.58746
0.57196
-1.45124
0.795159
0.754017
1.35482
-0.893832
-0.88799
-1.76951
0.26198
-1.20322
-1.93256
1.03844
-0.921777
0.239014
-0.706059
0.954231
2.24704
0.684189
1.01489
-0.199102
-0.127568
1.04822
-0.588873
-0.0787811
0.635403
-0.527217
-0.885546
1.48049
-2.19002
1.85899
-0.396497
-0.0281964
-0.189313
0.182928
2.16133
-0.252292
-1.26424
-0.871909
0.101979
0.739689
-0.402967
0.0369507
-1.19046
0.640434
0.726349
0.464191
-1.06686
1.55024
-0.997049
0.0702107
0.160255
0.0894913
-1.14358
1.6622
1.5369
-0.939835
-0.30696
-1.81742
1.06167
1.22596
-0.617846
0.33047
-0.477766
0.480406
0.507169
1.08226
0.238107
-0.129298
2.01708
0.591691
1.42011
-0.234236
0.570954
-0.0117743
0.632158
-1.78561
-0.650397
1.80827
-0.342807
1.30725
-0.352414
0.979008
1.48682
-0.337129
-0.797659
0.291128
-0.190424
0.223847
-2.06067
1.20616
0.0093617
-1.62658
-1.44223
-1.13093
-0.569948
0.680168
-0.544754
-0.296822
1.11909
-1.46171
-1.60882
-1.75845
-1.42571
1.78235
0.0847042
0.87048
-0.912309
0.270374
-0.326748
-0.362575
-2.14663
0.186678
-1.59123
-0.031416
0.057521
-0.287358
-0.674658
-1.08784
1.02597
-1.16107
0.545995
-1.04661
-0.126847
-0.715505
0.678315
0.139327
0.343641
0.888371
0.403748
0.720793
-0.984406
0.323124
-0.332707
0.759539
-0.313577
-0.626129
-0.821423
0.975833
0.108909
-0.0732851
0.739052
2.75727
-0.85546
0.556671
-0.213843
1.12059
-0.434869
1.30513
-2.5379
-0.896854
-0.950255
1.36099
-1.87059
-1.3018
-1.14013
0.132358
-0.894441
-0.387124
0.719193
-2.17862
-0.196607
0.388231
-0.917325
-1.43125
-0.654782
0.791519
0.242471
0.736848
0.761536
0.546594
0.0400193
0.161864
-1.86268
0.428155
-0.239978
2.06027
1.36442
2.81888
1.39971
0.623862
0.719685
1.45105
-0.378675
-1.13428
-1.19504
0.208953
1.37617
0.208329
0.172917
-1.21663
-0.563073
-0.661502
-1.60851
-0.526069
-0.596973
-0.0484444
-0.458649
1.34296
0.656624
-1.7596
0.787864
-0.107503
-1.54719
-3.52028
0.0369764
0.989797
1.13324
-2.2373
1.4733
-0.722451
-0.104314
2.13427
-0.31888
0.810444
0.39204
0.0978657
-0.755389
1.27912
0.0241697
-1.58071
-0.648484
1.87691
-0.385546
1.80519
-0.252456
-2.3406
1.33897
1.17773
-1.56057
0.960138
0.271591
0.985086
-0.71969
0.902146
-0.256922
-0.473866
-0.895041
-0.49949
-0.114393
-0.807553
2.56225
1.11362
-0.792588
0.689019
-3.46487
0.900987
1.0138
-0.0339683
-1.66196
0.287331
0.404691
1.14951
-0.91036
-0.268345
0.560647
1.05112
-0.525479
-0.411513
0.419656
-0.695754
-1.00065
1.30183
1.92321
0.572854
-0.942567
-0.130426
0.198411
0.678467
0.287866
-0.899983
-1.00888
-0.595155
0.396089
0.187371
-1.23115
0.562533
-0.221683
0.280267
-1.07779
0.268839
0.0770605
-1.72825
1.3527
-0.284325
-0.230416
0.0894087
0.0503358
-0.952678
0.177828
-0.956946
0.383681
-0.414884
-0.342915
0.14098
0.496905
-0.919874
-0.443433
0.49991
0.542372
-0.0792479
-0.0737602
1.95037
-1.68708
-0.14059
-0.031857
-0.734535
-0.488832
-1.10999
2.4822
0.832642
-0.606375
0.39426
0.151425
0.919513
0.501547
-0.12013
-0.443906
-1.03762
0.637605
0.156898
-0.599762
-1.03951
-0.445253
-0.0701806
0.683117
0.339589
0.348508
1.17003
-1.5763
0.037611
0.685766
-0.0883932
1.34244
0.785494
-0.261995
0.043137
1.1003
0.0539323
-0.552668
1.00281
1.51799
-1.05626
-1.63644
0.564111
2.43062
0.271279
1.48466
0.225527
0.124145
0.12007
0.974482
0.202329
-2.36938
0.118628
0.333561
1.32286
0.802003
-1.05701
0.580588
0.937997
-1.28446
-0.314761
0.222241
0.889213
0.491703
-0.727369
0.722321
0.83737
-1.92967
1.13059
-0.0295334
-0.000464709
0.695319
1.72282
0.978039
0.506994
0.599801
-1.24964
0.674797
0.784956
-0.427743
-0.344786
0.387485
-1.40639
0.0784414
0.46719
0.137364
-1.84272
-0.00761382
0.520291
0.138161
-0.0334876
0.266605
0.465182
-0.232156
-0.829545
0.659067
0.301743
-0.574426
1.36098
-1.10055
-1.86888
0.447789
-0.106773
-1.19192
-0.003689
-0.246048
0.0763193
0.229873
-1.45383
-0.0994481
0.228632
1.05297
0.0348387
0.534011
-0.11771
-2.01305
0.71755
-0.337889
-0.09321
-0.520888
-1.79919
-1.51819
0.897488
-1.04619
-1.01636
0.0404449
0.409543
0.7884
-0.406823
-0.253711
-0.0306439
0.344054
-0.479046
-1.51869
3.22386
0.202324
0.730533
1.48843
0.0140752
-0.693802
-0.329908
-0.647843
-1.83897
1.32244
-0.477895
1.13527
0.354051
-0.982529
-0.571954
0.249813
0.213225
0.464782
0.7742
-0.0536271
-0.0520673
2.44203
1.04906
0.295659
0.491487
1.41812
-0.299577
1.05614
-0.205962
-0.770224
-2.00071
-1.77028
0.0934965
1.21373
0.885586
0.563475
0.677628
1.03448
0.388195
0.841325
-0.381767
1.05185
1.09145
-2.0408
-1.06468
1.15512
-0.424794
-0.198938
0.628038
-0.583675
1.1284
-0.321755
-1.13313
0.000200544
0.686523
0.426011
0.263922
-0.412588
-0.799528
-1.2843
1.39629
-0.658707
2.05025
-0.806131
0.559223
0.745074
-1.63117
0.407232
-0.432016
-1.06915
0.731839
-1.39955
-0.433815
-0.337185
0.217045
1.03873
-0.000521965
1.12538
0.502729
0.957329
-1.28567
-0.577881
-0.475378
-1.1711
-0.863601
1.80945
0.0853108
0.545633
1.84876
0.0323035
-0.473509
-0.0763338
0.348755
0.1859
1.84749
-2.75947
1.03878
-1.0945
-2.25846
0.356937
-1.68866
-0.510162
-0.736257
-0.0868132
-0.828518
1.10897
0.435091
0.806218
1.09103
-0.331016
-2.30264
0.0665078
0.199232
-0.574569
1.59282
0.630084
-0.186845
0.687262
-0.137022
0.391384
-0.287176
0.12944
-1.36868
-0.542776
1.49448
1.14882
1.18247
-0.504656
-2.00281
-0.592937
2.00714
1.42382
-1.45305
1.91049
1.14615
-1.97784
-1.91287
0.330094
1.37695
-0.34566
-1.06702
0.307003
2.40306
-0.718192
0.0531496
0.575552
-0.814568
-0.397283
-0.191874
0.0793089
-0.475701
1.89777
0.569558
0.541886
-0.659775
-1.05056
0.542835
-1.18897
-0.75244
2.66123
0.154519
1.01014
1.46488
-0.841556
-1.77799
-0.622598
0.15489
0.58074
1.48473
-0.373378
0.888912
2.11488
-1.67468
-0.881456
0.0142993
0.929393
0.490049
-1.1737
1.64483
-1.54621
0.62427
-0.486898
0.982477
2.01641
0.207003
0.784897
-0.986999
-0.0457121
1.98529
1.58607
-1.29144
1.31443
0.697398
-0.733444
0.242799
-1.65973
0.975025
1.26456
0.0747992
-1.36983
-0.583508
-0.838979
-0.724103
1.49628
1.15371
0.675516
-0.158588
0.238487
0.0360723
-0.158362
-0.320706
-0.157311
0.829461
-1.47627
0.13886
-0.380983
1.10229
0.398844
-0.582099
0.0683064
-0.10911
0.250224
1.94414
-0.742439
-0.886754
-0.457989
0.831903
0.863805
-1.65068
0.841636
0.305114
-1.68278
-0.987635
-2.16339
-0.0109386
-1.25218
-2.25829
0.27536
-0.0393923
-0.814849
0.223036
0.657903
0.197579
-0.461926
-1.25326
0.510589
0.417758
0.524516
1.08528
-0.338587
1.76192
0.23682
-1.73944
0.396236
1.27848
0.859878
0.74688
0.356618
0.834932
1.1746
0.246661
-0.611427
1.29605
0.719953
0.73558
-0.508723
0.941412
-1.64218
-0.848607
0.422532
0.0918434
0.446245
0.881777
1.30384
-0.59419
-0.504518
-1.64785
0.377465
0.41009
-1.26057
-0.407001
1.27441
0.124148
1.54381
-1.19023
0.624773
0.024817
-1.6955
1.05039
-0.42482
-1.83694
0.691359
0.780939
-0.725553
-0.661264
-0.733617
-0.765536
-0.111302
-1.29941
-0.598434
0.129517
0.0253518
0.115599
0.809561
-0.464535
0.322572
0.704528
0.201258
-1.10725
0.00173761
2.09968
-0.325273
0.472781
0.323972
0.902961
-0.0439739
-0.118328
-0.320841
-0.615059
-1.93744
-1.38322
1.11604
0.767802
0.241396
-0.521902
-0.509055
-0.871824
1.38007
-0.118351
0.920008
0.834134
-0.585832
0.99364
0.813017
-0.885315
1.43336
-0.411725
-0.237695
0.556614
-0.540387
0.143315
0.746228
-0.624969
2.34505
0.834644
0.323274
-1.76451
-2.15174
0.770075
2.05449
-0.781862
-1.85145
0.174757
0.309547
0.236811
-0.337261
0.353496
-0.216558
-0.722569
-0.634204
-1.0484
-0.95016
1.50909
-0.823353
0.666772
0.900471
0.524528
1.32335
-0.383186
-0.0657317
-0.886987
-0.508618
0.469546
-0.901773
0.148008
0.461815
0.212064
0.494326
0.381694
-0.59313
-0.998521
-1.15185
0.518046
0.809813
-0.750562
0.245066
1.10476
0.089032
-1.04292
-1.90348
-0.100693
0.260215
-1.34009
2.03072
0.244945
-0.296989
0.403728
0.324663
-0.449305
-0.907033
-0.403845
-0.123206
1.1247
-0.0689451
0.116507
0.0395917
3.22697
-0.119372
-0.227843
2.07865
1.75652
1.17318
-0.353731
-0.353356
-0.116344
2.06543
-0.924134
-0.395829
0.173572
0.403047
1.05423
1.44301
-0.176674
0.700216
2.02405
-0.446871
0.216418
0.40137
1.46034
-1.20913
-0.616012
-1.0504
-0.680267
-0.759403
-0.919877
-0.692382
-0.705477
-0.903947
2.63144
0.0697569
-0.783741
0.17513
0.158006
-0.866409
-1.086
-0.883861
1.5041
0.658556
-2.41852
-1.68687
-0.355366
-0.391332
0.0114511
-1.36454
0.965529
-0.813641
0.402327
0.0268066
0.579168
0.23076
0.751579
-0.0584254
0.321918
-0.29237
-1.50854
-1.75009
-1.34773
-0.0198935
0.722408
-0.893197
-1.03858
0.558438
0.209596
-0.646509
-0.864783
0.0557533
1.71817
-0.0973348
-0.711053
1.1441
-1.14083
-1.77814
2.76796
-1.70768
0.240547
1.13355
-1.08893
-0.315592
-1.11497
-1.31673
1.01735
-0.410273
0.640064
0.735819
-0.542271
1.15698
1.03127
-1.02174
-1.42032
-1.17096
-1.02618
1.18038
-0.312871
-0.952683
-1.45184
0.420008
0.227565
0.643377
-0.579045
-1.38105
1.09208
-0.445172
0.275709
-0.107135
0.31555
0.167052
-0.228237
0.210736
0.0260192
-1.84461
-0.0393446
0.23465
-0.567719
-0.191717
-0.362373
1.40181
1.3053
0.626524
1.27461
-0.166225
0.786579
-0.252948
-1.25714
-0.770166
-1.00028
-0.716809
0.424015
-0.329515
0.0597752
0.817276
-0.434206
-0.506345
0.590822
0.547765
0.314379
-0.724045
0.480073
0.0605856
1.98463
0.713515
0.119109
0.202231
0.419453
1.30223
-0.214973
-1.97137
-0.581536
1.21307
-0.454396
2.13378
1.76821
-0.518106
0.965162
0.816405
1.24717
0.454148
-0.489357
1.36634
-0.719305
1.8492
-2.06001
1.47049
0.393836
-0.0829882
0.922455
1.37464
0.448722
0.301277
-1.0399
0.0933017
-0.654505
2.52917
-0.505717
-1.0024
0.645444
-1.04045
0.547151
0.648352
-0.865087
-0.0214488
0.641178
-0.902406
1.48777
1.42501
0.163163
1.49924
-0.416963
0.484714
-0.818067
2.60339
2.65252
0.709108
-1.01097
-0.60647
1.11804
0.889414
1.03111
0.0216791
-0.253372
0.195956
1.83789
-0.468224
-0.147944
-0.130933
-1.34465
-1.9469
2.26658
0.322821
1.07328
0.161981
-0.992975
-1.70347
0.658404
0.131694
0.285503
0.161712
-1.37292
-0.186314
-1.99068
-0.181534
-0.0109356
-1.1313
-0.483472
-1.71012
0.373699
-0.967233
-1.10297
0.39189
-0.860568
0.12404
1.22668
0.0956547
-0.0539133
0.68826
-1.31441
-0.629639
1.29922
-0.253795
1.57095
0.626396
-1.53034
1.444
-0.323795
0.709077
-0.602162
0.359992
-1.14364
0.0770791
-1.18823
-0.655998
0.40643
-0.728203
-0.393956
0.168385
-0.983078
-0.880312
0.50651
0.962893
1.13835
-1.75077
1.62063
-0.153866
-1.24966
-1.68111
2.00404
-1.12601
0.465899
-0.788869
1.08313
-0.0740289
0.418252
-2.02949
1.09086
1.75737
0.101852
0.392436
0.288517
-0.609253
0.197843
-0.172863
-1.52331
-0.88355
0.0526142
0.406731
-0.908831
0.721324
-1.05816
-0.868582
-0.520399
0.943623
-1.83227
-1.37028
0.438603
-0.761978
-3.82482
-0.750305
0.704762
-0.482941
-0.15427
-0.0951177
-1.39448
-2.16211
0.286298
-0.651608
-1.06276
-2.21616
-0.0759743
1.76774
-1.09674
-0.222424
-0.285549
-0.293217
-0.240139
-0.668868
-0.325183
0.831734
-2.03838
0.539924
-0.116108
-0.229699
-0.461274
-0.0686158
-1.0096
0.144671
-1.50366
0.367856
-0.310149
-0.876787
-0.79601
0.239838
-0.866415
-0.232836
-0.0901279
-1.30511
-0.846655
-0.760021
0.245609
-0.0151262
-1.50159
1.12616
1.26901
2.33062
2.11337
0.588394
0.168348
0.0741994
0.271896
0.26563
-0.404107
1.82445
0.0712373
-1.44989
0.317899
1.13992
-0.541121
-0.69024
0.219356
1.728
1.61964
-1.96103
0.0603012
-0.30079
-1.06143
0.552216
-1.17516
-0.563356
1.90483
0.750669
0.440937
0.114368
0.611501
0.310218
-0.460467
-0.686678
0.511142
0.0494873
-0.419715
-0.620314
-0.867342
2.04819
-0.227652
-1.26776
-2.04954
0.786155
1.25753
0.712635
-0.0668432
0.476253
0.927305
0.315269
-1.24
0.86366
0.0709386
0.264117
0.68838
1.35312
0.0283572
1.12888
0.707398
1.37609
-2.02906
-1.02251
-0.984496
-0.417562
-0.676779
-0.836125
-0.492183
0.653072
0.671536
-0.134916
0.302378
0.380647
2.14034
-0.228964
1.19962
-0.734471
-0.165392
1.64327
-0.763496
0.471327
0.455186
0.234267
0.93195
0.415553
0.674136
-0.830563
-0.518431
-0.482978
0.192796
0.862279
1.74761
-0.606671
-0.335507
-0.488109
-0.775521
-0.520706
1.31925
-0.340472
-1.17522
0.247107
-0.0325719
-0.16796
-0.826962
0.319251
1.84453
0.842643
0.535237
0.804599
-0.282785
0.610053
-0.0810741
0.157737
0.905493
0.781231
-1.14591
-1.76676
0.98954
-1.85365
1.41435
-0.930493
0.228516
-1.36139
-1.04367
0.587135
1.93468
-0.175806
-0.0741682
-0.500795
2.06658
-0.757844
-0.97911
-2.52925
-1.12699
0.565692
2.44603
-0.536223
0.395332
-0.632517
-1.53296
0.249732
1.21416
-0.693453
-1.28463
0.0554003
0.0289396
-0.0365639
-0.914231
-1.50428
-0.510454
1.07077
-0.0101896
-1.31815
-1.2092
-0.264427
0.279377
-0.971137
-0.367765
-0.384507
0.631181
-1.5535
0.539835
1.31992
-0.886994
0.640812
-0.395298
-1.48284
-0.437999
-1.74397
0.416951
-1.02838
-0.371401
-1.63156
0.272688
-1.74132
0.992846
1.1896
-0.340291
1.85105
-0.470299
-2.59081
0.118949
0.256204
1.47278
0.108595
-0.345063
-0.374311
-0.515306
-1.69414
0.437795
-0.38436
0.92836
-0.0600111
-2.42242
-0.969412
-0.276747
-1.21317
-0.909078
0.674814
0.45065
1.21722
-1.12697
1.71414
0.464161
1.04949
2.72426
1.75487
-1.40039
-0.449552
0.580081
-0.00273632
0.612743
-0.965938
-1.11761
-0.736332
1.25097
0.972594
-0.805565
-1.42957
0.100821
-1.07372
0.879906
1.37249
0.216864
-0.211126
0.513693
2.15773
-0.271918
-0.989004
-0.281981
0.655412
0.461319
2.36606
-0.212321
-0.740302
-0.071328
0.272658
-0.861764
-0.293701
0.0430681
-0.126492
-0.121806
-0.824736
0.0435005
0.803962
-0.543741
-0.768297
-1.21346
0.872552
-1.21
1.93421
1.83183
-0.715775
1.93434
0.0963954
1.00026
0.725859
-1.09709
0.516986
0.680632
-0.556891
-0.687869
-1.35579
1.83152
-0.115265
-0.0831792
0.0766848
0.106534
0.0313216
-0.971399
1.13689
0.226542
-1.29729
-0.0862508
0.914067
-0.0850513
1.96397
-1.24099
-1.11228
-0.541094
1.91514
0.906619
-0.973745
-0.249024
0.361084
-0.0464334
0.711104
0.184241
0.0307284
0.0731466
-0.770127
2.03548
1.57309
-1.31524
2.02067
0.186592
-0.311476
2.06477
1.99219
-0.601166
0.595099
1.78114
0.869516
1.93809
-0.453769
-0.84961
0.204328
-1.03588
0.620992
-0.0771124
-0.210198
-0.450684
2.50071
-0.572585
-0.854285
-1.04917
0.221568
-2.19545
-0.579047
0.200401
0.274801
-1.76112
1.49469
-1.94684
1.23364
0.766941
-0.138501
1.14263
-0.437823
-0.880578
0.502101
-0.00623508
0.32382
-0.467867
0.543844
1.37811
1.82212
2.23946
0.834492
-0.756273
-1.95303
1.25456
0.178265
-0.470251
0.619834
0.555423
-0.181061
0.874218
1.58977
-0.141187
0.114212
1.70526
1.49871
0.826184
0.729102
-1.29901
-1.52726
1.72544
0.805338
-1.46017
0.527011
-0.756165
-0.947937
0.733927
-0.311919
1.30806
0.617223
-0.319931
-0.151675
-0.939121
0.527851
-0.807075
-0.490786
0.318089
0.308154
-0.543093
0.69949
1.72724
0.6286
1.62046
0.439054
-1.59046
-0.32968
-0.247743
-0.353933
-0.754288
-0.837059
-0.343633
0.627934
0.872435
1.7997
-0.507195
1.30324
0.0563283
1.2529
0.630466
1.48139
-0.678178
-2.40913
0.285988
0.255333
1.04935
0.441958
-1.99188
2.21127
-0.282722
-0.843338
0.464673
0.458514
0.93209
0.539268
-1.13009
1.36284
1.22438
3.12309
0.21757
-1.52997
0.366934
0.553171
0.511061
0.0195683
0.687117
0.859912
0.512558
1.20619
-0.0659565
0.869617
0.83839
1.36061
1.54154
0.23651
-0.457456
-0.726226
-1.68704
0.285309
1.62124
0.961169
0.746438
0.610273
-1.18622
-0.0733041
-1.07708
-1.70993
0.0967199
-0.182052
0.710176
-0.444724
-1.42246
0.717125
-1.20208
0.809599
-1.27901
1.58436
-0.75846
1.13323
-1.04064
-0.871963
-0.746407
1.58793
-0.750397
0.3771
-0.264361
0.310597
-0.573406
-0.174631
0.790582
-0.406376
1.02794
0.675157
1.77911
-0.363947
-0.301279
-1.46912
-0.0856218
0.121731
0.827765
-1.48762
0.596963
-1.20548
-0.826757
-1.01075
-1.68003
-2.16409
1.16754
0.18257
1.3839
0.150674
0.430001
1.12742
0.614862
-0.407946
0.665258
1.04719
1.74257
0.827175
-0.403529
-0.61751
-1.82772
-3.87175
-0.536372
-0.993825
0.276279
0.642633
0.620745
0.781866
0.482893
0.52763
-1.51991
-0.190058
-0.684595
1.26866
-0.393958
0.951453
-0.304732
0.5638
-0.000443743
0.944012
1.61125
-0.487832
-0.265245
-0.207155
-0.406638
0.979517
-0.59551
0.0424937
0.172104
1.57259
1.06276
-0.196215
-0.82193
0.105575
-2.00274
-0.261611
-0.967567
1.18068
-0.184796
1.39869
1.42568
-0.272081
-0.419223
-0.103333
-0.550404
0.394316
-1.26732
0.363128
0.762937
0.906535
-1.0349
0.71825
0.752663
-0.93904
0.761041
1.38559
0.357476
1.8839
-0.690673
0.567739
-0.701955
-0.14226
-1.49965
1.51948
-0.779348
1.69749
-0.818929
-0.0622363
-1.20769
0.686634
-0.167841
1.33086
-0.108638
-0.183799
2.69404
-1.09211
-0.932817
0.114013
-0.547978
-0.16722
-1.4329
-0.21086
-1.28609
-1.94764
0.800322
0.34144
0.5099
-0.409631
0.354088
-0.988108
1.61083
-0.156585
0.507594
1.32144
-1.39847
-0.821084
0.0853167
-0.445676
1.55303
0.991618
0.600383
0.427293
-0.644658
-1.56999
0.588957
-0.731574
-0.558475
0.734442
1.98307
-0.240109
1.21589
0.41314
1.14868
0.612757
-0.585779
-0.473592
-0.0804226
0.0136735
0.617755
-0.946098
-1.13077
-0.754397
-0.8111
-0.151915
-0.66403
0.000397948
0.351256
0.140337
-0.900828
1.18052
0.0999855
0.291106
1.81966
0.830374
0.474814
2.52285
0.184675
-0.476378
-0.608294
0.409133
-1.05328
1.60284
0.568329
-0.282016
1.46475
-0.394198
0.0855682
0.288931
0.303274
-1.57212
-0.258427
-1.56932
-0.15597
-0.562689
0.145836
1.12732
0.540897
-0.0457118
-0.814767
0.781788
0.0673466
-0.322234
0.419986
2.07405
-0.535429
-0.221314
0.64117
-0.467143
-0.515071
0.394172
0.00437449
1.22802
-0.882294
-0.723153
-1.77403
-0.971144
0.126369
1.30278
0.923076
-0.897269
-0.758424
0.149555
1.0233
0.849189
-0.196043
-0.214497
-1.19289
-0.291001
-0.168801
1.16364
-0.177958
-1.09359
-0.544486
0.864965
0.0568554
-0.369516
-0.0220275
-0.18203
2.34477
-0.34113
0.62276
-0.229085
-0.62024
-0.433479
-0.908645
0.333438
0.559893
-0.604482
-0.914914
-0.429279
-0.780599
0.811074
-1.06696
-0.92108
-0.125525
-0.244381
-1.62763
0.173254
-0.508992
1.69078
-0.642758
0.880842
-0.717613
-1.26029
-0.171383
0.568378
0.536055
-0.134214
-1.22287
0.0997775
-1.13138
-1.59526
1.53277
0.306423
-0.745975
0.229793
-0.672332
-0.977596
0.652441
0.259585
-1.31788
-0.282595
-0.314793
-0.772686
0.202872
-0.116222
-0.146496
-0.226611
-1.7024
0.915102
-0.0946156
0.464744
-0.470447
0.817152
-1.38958
0.302667
-0.898615
0.407202
-0.33233
-1.42422
-0.15573
0.386321
-0.00886618
0.121585
-2.67241
0.419034
1.68273
1.66904
2.36713
0.377936
-1.90784
-1.94087
-0.243844
-0.674422
1.50628
1.77445
0.319955
0.879838
-0.0423554
-0.667917
-1.38967
0.505415
0.374772
-0.690771
1.36962
0.490645
-2.49975
-0.630148
-0.726596
-0.748912
1.40229
-1.01286
-1.52896
-1.04425
0.0645532
-0.0297575
-2.01825
-0.291665
1.48448
-1.50251
-0.630856
-0.116248
0.718381
0.780136
-0.448792
-0.31047
-0.514815
-1.66191
-0.179958
-0.408242
-0.607305
0.154679
0.646175
-1.3559
0.58157
1.55462
-0.539321
-0.105559
1.49615
-0.128698
0.49958
1.7421
-0.769555
-0.810366
0.414374
0.110859
-0.469701
1.43942
0.89221
1.2146
-0.615529
-0.531977
-0.661547
0.267526
-0.300733
1.45493
-1.47293
2.03329
-0.609367
-0.864382
1.51925
-0.774522
-0.78058
0.802097
0.473341
0.47081
-0.106289
0.833172
1.14995
-1.0958
-0.656236
-1.47976
-0.893069
1.40487
-1.13258
1.0186
0.553156
1.43723
-0.576564
0.0111493
0.853816
1.78038
-0.421285
0.747857
-1.68896
-0.00827005
0.871726
-0.749864
0.483594
0.40366
1.9472
0.0246784
-0.671801
-0.0346551
-0.297607
-0.011467
-0.543072
0.633304
-1.78398
-0.123677
0.467402
1.73293
-1.55389
0.219718
-1.16639
0.252742
0.150165
0.870348
-1.26264
-2.54908
0.00991559
-0.842538
0.374579
-1.13151
-1.04609
1.24641
-0.142269
-0.22966
0.717601
0.563629
-0.239002
-1.06196
0.541195
0.899978
-0.555675
0.308128
-0.464965
1.80111
0.635543
0.274015
-0.186701
-0.991365
-0.178129
0.788436
1.12544
0.964174
-0.339055
0.386456
-0.527162
-1.12975
-0.967003
-0.359201
-1.62248
0.760531
-0.622535
-1.59787
-0.958627
-0.871219
0.187032
0.56231
-1.07141
-1.40264
0.0158973
0.607095
0.262299
0.196103
0.961302
0.553463
1.19833
0.720803
0.0264094
-0.119634
1.29583
0.437575
1.33832
-1.78581
-0.953596
0.228791
0.808872
-2.65072
-1.51998
0.820158
-1.00607
0.474992
0.935361
1.33668
-0.14396
-0.512766
1.27431
1.22129
1.70467
-0.592444
-0.127689
-0.553583
-0.326751
-0.892699
-0.773932
0.324534
0.769709
-0.11855
0.203981
-0.564408
1.1844
-1.23966
0.725475
-0.456939
0.201266
-0.600992
-0.727495
0.0366941
0.271027
-1.01313
0.431824
0.0670982
0.474769
0.784954
0.39196
-0.961318
-1.22475
0.0953219
-0.58858
-0.1229
0.761311
1.01093
0.939822
-0.822598
1.03821
-1.26945
0.152354
-1.21301
-1.26781
-0.88636
0.624316
0.171831
0.165815
1.25621
0.883882
1.41377
0.161229
1.93617
0.988568
1.09907
0.349569
-0.0574407
0.578143
0.542704
0.696981
-1.10443
-2.42914
-2.31391
-2.13096
-0.121036
1.23391
-0.210166
-0.879425
0.0317041
-0.794555
-0.138938
1.14049
1.05949
-0.525301
0.6148
0.851361
-1.52951
0.237314
-0.117562
-1.44822
-1.05502
-0.209452
-1.11404
0.931911
-0.295089
-0.954401
0.105429
-2.35733
1.63841
1.13721
-0.0712745
-0.602828
-1.73531
-1.20219
-0.976669
-0.0538971
0.858515
1.68572
-0.296566
-1.72401
1.31567
-1.36763
1.32376
-0.0472148
-0.150783
1.14325
0.0437876
0.8153
1.16519
-0.589357
-1.20386
-0.123261
-0.707098
0.287024
1.41506
-0.811474
0.689233
0.757898
0.162717
-1.33739
0.88484
0.173521
0.90687
1.13208
0.685135
-0.835238
-1.45659
1.36533
-0.0527155
-0.770738
-0.34076
-1.10024
1.33495
-0.561808
0.328007
-0.703942
0.521756
0.148612
1.4685
-1.68098
-0.610597
-0.4287
-1.09026
-0.0626588
0.946935
3.20698
0.0792347
-0.898391
-0.911369
-1.57501
-1.35786
1.04128
-0.463347
-0.0422286
-0.787924
0.0902153
-1.41186
-0.518163
0.0116859
0.190224
0.866694
0.364861
-0.925295
-0.279249
-2.40095
-0.305759
0.236148
0.9586
-0.367612
1.4474
-0.312427
0.0495445
0.00995863
0.00607095
-0.566497
0.789283
-0.110867
0.619923
0.817194
-0.470493
0.843323
-0.774876
1.07575
0.523676
-1.03332
-1.96673
-0.668099
-0.248897
0.00883544
0.907197
0.0568337
-0.394781
-0.307142
0.268538
0.705314
-0.0721063
-1.66221
-0.0971724
1.57699
-0.0170473
0.625511
1.06875
-0.437035
-0.887301
1.3255
-0.69626
-0.745195
-0.348037
-0.203479
-0.339046
0.642095
0.0895717
0.611882
-0.475953
-0.534013
0.236566
0.308228
0.561464
0.509968
-0.391397
-1.01642
-0.703961
-0.668616
0.675941
1.48154
-0.0955105
1.74222
-0.791544
0.0251677
1.84158
-0.938004
-1.14147
-0.326046
-1.30747
-0.174554
-0.691657
-0.334778
0.943482
-0.48409
0.0725225
-1.34772
1.01611
1.2552
-1.42088
-1.0669
-1.46198
0.348782
1.59903
1.80208
-0.354017
-0.644331
1.35835
1.23685
0.380463
0.53409
-0.478365
-0.723884
-0.546972
-2.04986
-0.788807
0.0136362
0.587554
-0.997849
0.408126
-1.53003
0.880642
1.29184
-1.63132
-0.168868
-0.651084
0.231986
0.453099
-0.861799
-1.48128
-1.47979
-1.3233
-0.45014
-1.99182
-2.74731
0.107137
2.02111
0.82864
0.206307
0.595769
-0.0823889
-0.380043
-0.136212
0.625253
-1.37782
-3.1118
0.690014
-0.981912
0.0382711
-0.450773
-0.211457
1.05286
0.224845
-1.88996
0.783618
-0.597026
1.56743
0.749131
0.167672
1.12105
0.362978
-0.889748
0.937267
-1.42579
0.249482
-1.827
0.221013
-0.581846
-1.69833
0.417236
0.712917
-1.45077
-0.926606
-1.48339
-0.386298
0.951865
0.521845
0.233249
0.893212
1.02725
-0.840829
-0.466056
0.332997
-1.07363
-0.0121492
-1.21005
0.646253
1.27877
-0.196833
1.742
-1.78764
0.745786
0.607754
2.2627
0.450807
-1.25921
0.809284
1.36505
-0.877268
-0.8851
2.72755
0.920408
1.29051
-1.63164
1.95781
0.450703
0.388752
1.27304
0.362142
-0.977132
0.964154
-0.152578
0.17896
3.98599
-2.09976
0.225793
-0.388898
-0.825353
0.884058
0.0114531
1.46753
1.16535
0.289872
1.36028
-0.684644
-0.0523055
0.204416
-0.440702
0.941739
-2.32468
0.775938
-0.487304
-0.130378
0.351824
0.469193
-0.121527
-0.69573
2.38416
0.196187
-0.507462
0.439925
0.0958775
-0.132383
-1.55513
-0.224589
-1.1999
-0.0742186
-0.10155
0.936007
-1.1336
0.752228
1.54033
1.00689
-0.0865308
0.0583217
-0.0556879
-0.59812
-1.06387
1.09555
-0.226434
1.39108
1.01057
1.53441
-0.132036
1.31541
-0.522961
1.03778
0.604592
-1.12973
0.749251
-0.0446521
0.879553
-0.871878
-0.973047
0.444945
-0.358599
0.745333
0.253491
1.02466
-0.579512
0.155896
-0.773308
0.526969
-0.358409
-0.57578
1.35674
0.432809
2.05167
-0.658072
-0.614449
0.0412823
-0.468272
-0.382858
1.46958
-0.139452
1.68122
-0.0390259
-0.724663
-0.194129
0.279687
-1.20984
-1.07638
1.10874
-0.843926
0.460116
0.525173
-0.454395
-0.866042
-1.44
0.080983
-1.52651
-1.89619
-0.645339
-0.0860314
0.688571
0.447328
-0.0991873
0.197445
1.5907
2.24023
-0.200266
-1.01532
0.366932
0.140878
-1.50286
1.02511
1.02784
-2.20798
-0.741871
0.954552
-0.921583
-0.862104
-1.04306
-0.275448
0.0770454
0.140446
-0.890747
-0.0994496
-0.36504
1.78091
0.851349
-1.92831
0.615735
-2.14084
-0.177471
-0.120983
-1.58515
-0.171144
-0.205762
0.796166
-1.88129
0.693618
0.338851
0.215856
0.604033
0.351157
-0.560944
-1.21066
0.411477
-1.11576
-1.04211
0.900338
1.97598
0.188547
0.269365
2.56971
-1.96137
0.493799
0.266332
0.558811
-1.32381
-0.97254
1.76387
0.4419
-0.586996
2.02875
-0.252095
1.01399
-1.1841
-1.9168
-0.53242
-0.0440976
0.0705274
-0.53298
-0.0362763
0.328047
-0.301064
0.733309
-0.901033
-1.45942
-0.410936
1.38267
0.886345
-0.187574
-1.93945
0.677907
-0.536148
0.386036
1.30777
0.0943564
0.652363
0.2663
0.713981
-0.635517
2.04982
0.913864
-0.988572
-1.3697
0.562805
-0.286793
-0.415342
1.37298
-0.102341
-0.478501
-0.989487
0.103232
1.52402
0.308617
0.738424
0.976488
-0.721735
-0.468879
-0.086597
-0.091441
-1.73389
-1.0695
0.32888
0.340671
1.60837
0.116566
-0.410737
1.29741
-0.171123
0.23567
0.450683
-0.620441
-0.669101
-0.575309
-0.790232
0.647163
-0.404649
-0.0226126
-0.0454633
-0.511805
-0.855661
-0.964446
-0.439321
0.854072
0.898367
1.51682
-0.129656
-0.142904
1.01255
0.332766
0.43065
2.12113
1.13647
1.90078
0.562111
0.295888
0.0386054
-0.410592
0.519997
-1.62879
-0.884515
1.55938
-0.7503
-0.64345
-1.73308
-0.315049
1.01582
-0.161209
-0.521566
0.880626
0.102784
1.32035
-0.42218
0.414072
-1.88391
0.628209
-0.700539
0.301208
-0.00382332
-0.313842
-0.0176744
1.26694
0.809204
0.989586
-0.847219
1.46202
-0.156442
1.05868
-0.979477
0.339774
-1.21885
-1.42092
1.6391
0.766886
0.976688
0.331465
0.881415
0.702358
0.311769
0.436199
-0.188294
-1.38293
0.503385
-0.656366
-2.44671
1.55085
0.248077
0.291274
-0.590817
-0.109476
0.13195
0.492265
0.476023
-0.361566
-0.0127447
-0.0533831
0.328852
-1.41994
1.22436
-1.24071
-1.71149
1.53685
-2.06864
0.152966
0.0763377
-0.894347
0.626841
-0.169306
0.415578
1.404
-0.489354
0.0173634
-1.31761
-1.23694
1.31766
0.102153
0.505878
0.374946
0.212899
-0.0640773
-1.12999
0.708561
1.58959
-0.286559
-0.262248
-0.0715522
1.84697
-1.69579
1.05731
-1.13951
-2.58987
-0.0392511
-0.271057
0.118729
1.06097
1.22307
-1.78334
1.56528
1.4072
-0.0848081
1.08838
-0.435783
0.0898724
-0.496522
0.80003
0.173227
0.0509945
-0.903198
-0.993029
-0.284757
0.663175
0.546665
-0.597029
-0.694784
0.395385
1.1271
-0.130408
-1.33354
0.0907754
-0.544939
-0.980293
-0.223788
-1.46365
1.11322
-0.806118
0.54833
-0.804856
0.260599
-0.945392
1.85122
-1.18452
2.44696
1.61424
0.47161
-1.63701
-1.33345
0.78085
-0.452459
-0.941267
-1.4344
-0.832651
0.587808
-1.10468
-0.929535
-0.224109
-0.968409
2.0536
-0.81733
-0.932949
-0.522307
0.838769
-0.192045
0.015868
0.501605
-1.61902
-0.585006
0.604783
-0.0135474
-0.760283
-0.117079
0.175379
0.281908
0.39609
0.877666
0.0634179
0.772391
2.09463
-0.291589
-2.10585
1.27612
0.463705
1.52178
0.198477
-0.591622
-0.869656
1.08425
0.742258
0.673033
2.07702
1.5891
1.51472
-1.52631
0.174324
-0.624048
-0.935693
1.75343
-0.300807
0.110287
-0.245443
-1.71932
1.34708
0.542828
0.921333
-0.930541
-0.397849
-0.542386
0.7893
-0.261557
0.174501
-0.15416
0.786021
-0.737207
1.01711
-0.646547
-0.93915
-0.301711
1.08635
0.319223
-0.750718
0.944462
-0.139445
1.59519
1.28935
3.16349
2.18082
-2.67852
-0.325761
0.285551
-0.794947
0.474882
-0.472446
-1.58269
-2.24937
1.25635
0.417238
0.674896
-1.33801
0.493558
-0.518576
-0.109271
2.13202
1.81461
1.12814
1.52641
-2.67941
-1.11941
0.505059
1.61166
1.12376
-2.45181
-0.759779
-0.496487
-0.0567972
1.79276
-0.0981124
0.6832
1.01934
-1.17412
0.565794
0.594553
0.147295
0.260511
-0.500246
0.481823
2.38571
-0.580602
-1.20616
0.491628
-2.01252
-0.383565
-3.11121
-0.943246
1.32816
0.324601
-1.1963
-0.910301
-0.586561
0.825353
0.0305356
1.16683
0.355808
0.672624
0.419501
0.548493
-0.487351
1.67744
0.120999
0.23273
0.376707
-0.427818
0.549306
-0.668812
0.394164
-0.749761
0.182977
0.114517
1.30227
0.0870325
1.85276
2.22236
-0.389295
0.506289
-0.715518
-1.29075
0.129255
-2.17731
0.252191
0.287645
-0.194969
-0.0920543
-1.55956
-1.1113
0.877269
1.61388
0.33597
-0.430026
-0.80933
1.14294
1.3332
0.0793876
0.402451
-0.23141
0.826201
-0.162257
-0.400943
0.339718
2.16703
-0.873968
1.1017
0.120628
-0.144518
-0.991201
-0.72091
-1.24329
-0.492204
0.836263
-1.6011
1.52072
0.373679
-0.346607
2.23775
0.194818
-0.553947
0.0136708
-0.513997
-2.34041
-0.934494
-0.681752
-1.87265
0.0142644
1.57922
1.01709
-0.603314
0.759663
0.025476
-0.00813628
-1.50676
1.04966
0.647176
1.27298
0.542474
-0.107545
-0.362931
1.30086
-0.0615783
0.30271
-1.05671
-0.539604
1.75086
-0.317307
0.32194
-0.226016
0.565659
-1.87599
0.0192601
-0.0459709
0.756657
-1.31938
-0.48452
-0.497041
0.989338
0.36913
0.674234
-0.949206
-0.676604
1.48218
-0.865235
-1.37094
-0.00520922
1.1726
-0.155809
-0.692553
-0.195147
1.62845
0.732402
-0.0572947
1.90523
-0.67905
-0.643161
-0.124798
-0.147434
1.33519
-1.20892
1.56093
1.00071
1.08051
-1.36008
2.43942
1.1761
-0.237905
-0.268582
1.50969
-0.615359
1.22205
0.104107
0.171977
0.148217
-0.609911
-0.261231
-1.48459
0.834017
0.417804
-0.510946
0.413822
-0.0244689
2.43746
-0.962762
-0.528643
0.171718
-0.396451
0.496207
-0.637971
-1.24647
-1.77619
-0.593633
1.93039
2.70998
-0.528926
0.35178
-0.0989722
0.684098
-0.2956
-1.29285
-0.14736
-0.338159
0.356052
-0.341538
0.193383
-0.0820886
0.856133
0.0825706
-0.41773
0.56184
-0.433851
0.298607
-0.503061
0.223254
1.42049
-1.8217
-0.764307
-1.2278
0.0773949
-0.656026
-0.408915
-0.125128
-0.889962
0.446631
-0.502139
-0.963981
-0.104913
-0.226035
-0.814604
-0.347427
-1.17712
1.94523
0.280792
0.955969
0.145545
2.08179
0.73711
-0.566296
-0.874599
-0.277843
-1.42326
0.380082
-1.10543
-0.0866187
-0.597976
-0.895804
0.755199
0.144112
-0.432802
2.10491
1.22296
0.0577231
-1.65827
0.00123635
0.424012
0.362871
0.554569
0.579586
1.09362
0.848855
0.219523
-1.51008
1.36163
0.789505
-0.945426
-0.397797
0.204102
-0.545709
-0.652575
-0.0975297
0.619166
-2.41159
-0.586073
1.69515
-1.9846
0.580884
-1.50704
-0.719674
-0.46198
1.01409
0.347119
0.294813
-1.27931
-0.300456
-1.05601
-0.874353
-3.36763
-1.54892
-1.2116
-0.54743
0.209517
0.332631
1.76365
0.132324
-2.71274
0.681475
-1.00314
-0.907098
-2.06621
-0.148334
0.244363
-0.195566
-1.17138
1.6315
-0.406572
0.879992
-0.802512
-0.163858
0.979801
0.82782
-0.729585
0.440431
0.258345
-0.192193
0.294841
0.462139
-0.559731
0.884699
0.024913
-0.0387703
-1.04044
0.349419
-0.404444
-0.176353
-0.740827
-0.491692
1.46405
-0.77745
-0.409322
0.158541
1.04309
1.15429
-0.35488
1.09804
-0.411536
-0.690497
1.9933
2.51407
-0.542419
2.0811
-0.675099
-0.514449
-0.225766
-1.55196
-0.665161
0.463357
2.25562
-0.838073
-0.0977344
1.24615
-1.39055
0.418177
0.581219
1.19475
-0.274434
0.197567
0.491492
-0.688615
-0.301608
0.0829997
0.020367
0.622091
1.33328
1.68354
-0.597233
0.757368
0.593445
1.36958
-1.10833
-0.848152
0.45735
-2.27008
-0.646773
-0.207181
-0.296078
-0.224129
0.414282
1.05133
0.0763806
-0.860976
1.34913
0.0055436
1.01007
-0.784074
-1.3069
1.03752
-1.6062
0.91766
0.65034
-0.486873
0.787144
-2.36396
-1.06077
-1.04806
1.14354
-1.63447
1.10656
-1.26109
-0.100821
0.616041
0.966418
0.56875
-0.139893
-0.700742
0.765814
0.192665
0.23123
-3.2372
1.68648
1.16877
0.274095
0.813567
-2.11854
1.19609
0.929166
-0.190534
0.90024
0.544207
0.946145
0.925031
-1.25404
-0.140706
0.400227
-1.90171
-0.395034
-0.172177
-1.32457
0.467398
1.77561
0.383662
0.919125
-0.363632
-1.33163
1.11307
1.08993
0.276964
0.898285
0.239053
-0.0701915
0.0913178
0.503201
1.14267
-0.722294
1.55874
1.5974
0.256903
0.712477
0.880752
-1.25337
-1.40018
-1.023
0.678933
0.832189
-0.672175
0.0196699
-0.448366
0.0134044
-0.86565
-1.61782
1.28498
1.1785
-0.259006
-0.0530547
-1.38137
-0.515749
0.652346
0.288944
-0.866622
0.252184
0.351788
-1.11071
0.369658
0.0541856
1.83822
-0.733517
-1.53271
-0.796553
0.936677
0.043728
-0.562514
-2.2203
0.437904
-0.683834
-1.45984
-1.40485
0.357024
0.648194
0.536521
-0.36274
0.611233
-0.260892
-0.458526
-0.820991
-0.325938
-0.0463799
-0.414102
1.49793
-0.840605
-0.792407
0.0673348
0.119915
0.620675
-1.21457
-0.385613
1.04306
-1.10126
0.617432
-0.55957
-0.497686
1.3809
-0.273419
-0.673479
1.17325
-2.2103
-0.17605
-0.266775
-0.265012
-0.928513
0.704488
0.0176981
-0.646135
0.125723
-1.56498
0.939378
-1.70309
-1.01587
0.707058
-0.401233
-0.116548
1.59441
-1.66421
0.0606677
1.09415
-1.62677
0.335175
-0.855418
0.0190716
-2.26851
-0.370042
-1.0736
1.69295
-0.989315
0.615251
0.445695
1.40548
-1.31074
-1.74893
-0.516128
-0.387815
-0.934401
1.00188
-0.546389
-1.1969
1.73983
-1.94425
-0.643529
0.201485
0.712857
1.26144
0.975392
0.246352
1.63665
-1.83894
-0.592661
0.829753
-0.570636
1.54561
0.830902
1.25529
1.60088
-0.379353
-0.815555
-0.0402029
-0.137016
-1.11741
-0.726726
1.87756
0.497951
0.321538
0.460673
-0.35027
0.432623
1.51031
0.227582
-1.50844
1.23343
1.04966
0.107127
-1.63571
-1.00381
0.417317
-0.184947
-0.63518
0.421318
-1.67245
0.119268
0.29546
-2.01366
0.663093
-1.14322
-2.0789
1.38609
1.11792
-0.138008
0.318503
-1.02483
-0.163475
1.44297
0.46458
0.476856
0.304718
0.126047
-0.555626
0.578056
0.111403
0.00442589
1.14745
-0.510942
0.699102
-0.568106
0.947713
-0.0445687
-0.508023
-1.89288
-0.132015
0.108864
-0.395825
-1.20347
1.19174
0.892565
1.42343
-1.55495
0.597461
-0.978651
-0.228714
-0.0991715
-0.176387
-0.482939
1.80418
-0.324531
0.0736219
0.105004
2.07807
-0.298745
0.308414
0.441961
1.48321
0.350619
-0.0543123
-1.08413
0.0895067
-1.99207
-0.600004
-0.948666
0.709786
0.0938583
0.87409
-0.622779
-0.636924
0.313199
-0.568822
-0.202518
0.877628
0.518114
1.83582
1.0015
-0.259115
0.555182
-0.548044
0.378585
-1.0781
0.630634
0.0360977
-0.0205987
0.460213
-0.0689171
-1.59317
-0.0430668
-2.6788
-1.05485
-0.831309
0.326088
-0.892591
1.27265
0.643982
-0.148582
-0.332329
0.826547
-0.111008
0.0559645
2.5748
-0.811231
-0.168294
-1.08431
-0.511392
2.73094
1.29046
-0.239459
1.85845
0.0516863
-0.639512
1.25875
0.072994
-0.799143
-0.423858
-1.37531
-0.165314
-0.223286
0.171604
0.0016034
0.350105
-0.0235099
-2.01537
0.056728
1.31032
0.935413
0.731003
-0.683961
0.638213
0.561613
0.516987
1.08865
-0.501435
0.0397191
-0.669025
-0.0360778
-0.120677
-0.515862
-0.190679
-0.795346
-0.372903
-1.64334
-0.348889
0.906292
0.216181
-0.524761
-1.22303
1.53933
0.414447
-0.00122755
-0.420554
-0.165159
-0.0572507
-0.589999
-1.24287
-0.766382
0.509125
0.574479
0.112965
0.914364
-1.95481
0.0573063
1.87236
-1.72064
-1.00946
0.174271
0.0577424
-0.105486
0.282599
1.35492
0.529658
0.0247377
0.293356
-0.129354
0.66113
-0.416612
0.0485311
-0.254653
0.0716447
-1.412
0.337982
1.32578
-0.00748302
-1.25367
-0.471954
-0.13808
1.75964
1.05481
0.0931704
1.05742
1.65522
-0.0908991
-0.411962
-2.13113
0.126714
-1.73233
-1.48571
0.553031
0.464639
-0.674049
-0.022592
-0.437791
-0.0542431
1.28982
1.64891
-0.462782
0.421166
1.48163
-0.376875
0.560025
0.636808
1.10656
1.18887
0.662519
-0.103652
-0.93805
1.68186
0.271729
-2.35086
-0.568691
-1.29499
0.243908
-0.623583
0.670126
0.0306809
-0.431461
1.28935
-0.68034
1.74278
-1.03987
-0.101191
1.30613
-1.19018
-0.214009
2.79454
-0.79448
-0.140657
0.591453
0.664418
0.0102893
0.822032
-0.6189
-0.271648
-0.129619
-0.973512
-0.976465
-0.866581
0.875391
-0.977618
-2.36695
1.71896
-1.1029
2.21056
0.244204
0.473868
-0.534638
0.946607
-0.553169
-0.651229
-0.588483
1.02604
0.819025
0.336647
1.78733
1.01171
1.91172
-1.40507
1.4634
-1.4547
-0.0393316
0.660976
1.06819
0.679436
-0.952588
-2.04911
-1.41005
-0.571205
-1.1977
1.45952
1.51634
-0.0683959
0.537707
-1.17136
-0.361498
-0.594664
-0.0958605
-1.67684
0.0857836
0.776416
1.10171
1.02519
0.142902
0.688352
-1.27485
-0.659727
-1.29161
-0.590329
0.0647215
-0.661285
0.481002
0.147798
0.585111
-0.421643
-1.55685
-0.686386
1.24527
0.729623
-0.947053
-0.679507
1.10004
1.39525
-1.68759
0.563585
-0.228463
0.460819
-0.144227
0.159083
-0.93687
-0.612651
-0.571587
-0.668878
0.648985
0.263329
1.21366
0.167924
1.06143
-0.699538
2.20465
2.00156
-0.682312
-0.55475
-0.666298
-0.335571
0.182896
1.27801
0.505515
-0.699209
-0.48798
-0.150506
-0.43588
0.841893
0.445384
0.118051
0.572395
0.657746
1.28309
-1.2234
0.349668
-0.608963
0.853309
-0.250581
-1.38833
0.47687
-0.68647
-1.55001
0.442115
0.0836789
-0.988093
0.326948
0.953331
0.605636
-0.742635
0.487286
0.540951
1.3953
0.124562
-0.222458
-0.233449
1.49001
-1.0052
-2.04361
0.132599
0.828266
-0.621544
-0.987386
1.60602
0.242104
-0.230474
0.43328
1.53493
0.537356
0.67731
-0.186163
-1.09123
-1.03166
1.2774
-1.21396
0.719481
-0.713053
-0.390833
1.01508
-0.227208
0.552298
-0.542349
0.129602
0.535029
0.591924
-0.277095
1.21526
2.08867
0.368548
0.0936637
1.61107
0.29864
-0.464583
1.50786
-0.729513
-1.29548
-2.04909
0.778195
0.201035
-1.7521
0.578442
-0.207722
1.22286
2.10583
0.990352
0.622156
0.83858
1.57413
0.0634151
0.938431
1.11298
-2.38481
1.43772
0.449647
1.24295
1.81337
1.5641
-0.187244
-0.427315
-0.973986
0.671315
-0.0930384
0.205839
0.792397
0.0854709
-1.67157
1.16123
0.805585
-1.02412
-1.36837
0.223331
-0.00400181
1.08127
-1.08814
1.45028
0.0855176
-0.460482
-0.852512
0.188851
-0.393077
-0.0629889
-1.0252
-0.985778
0.0500176
-0.387221
-0.673828
-0.210941
0.60689
-0.835459
-0.337474
-0.14747
-0.548143
-0.442329
-0.757724
0.357543
0.628464
-0.627037
-0.720404
-0.342378
-0.121956
0.856979
0.179557
0.222631
2.28143
1.30038
-0.589589
0.114277
0.694107
0.50128
-0.223981
-1.40134
0.820646
-0.510273
1.7785
-0.0431296
-0.679584
-1.04745
-0.352771
-0.426515
-0.887779
1.65008
-0.856442
-0.161519
-0.145765
-0.882297
0.134415
-0.411676
0.300266
-0.910847
0.681006
1.68687
0.225843
1.3141
1.65723
0.058653
0.515644
-0.450184
-0.782797
0.245787
-1.87753
-1.0974
-0.455922
0.300324
-0.270534
-0.663152
-0.772181
1.24152
0.613525
0.849423
0.204018
-0.926343
-0.566099
-1.84156
0.0133212
-0.0801519
-0.930259
-0.349227
-1.76843
1.43648
1.79109
0.83421
-0.798228
-0.415145
1.36811
0.373435
1.03498
-0.37365
0.529919
0.0589664
-1.78618
-1.61382
-0.313966
1.41329
0.0890372
-0.648
0.0329442
0.10479
0.708977
-0.259831
0.739767
-0.84652
0.346324
1.12375
-1.35621
-0.873532
1.12868
1.33906
1.05073
-0.887864
2.25308
-0.538549
1.09929
-0.132781
-0.181529
0.694928
0.687711
-0.42517
0.59817
-0.666451
0.0919195
0.880337
-0.0369627
0.102954
0.463597
0.0182577
-0.0119565
0.47621
-0.728461
-0.0346503
-0.537117
-1.24052
1.57402
-1.48486
0.672373
-0.667265
-0.56228
-0.164701
1.35276
0.0713955
-0.498121
0.259972
0.515507
0.458539
-0.644735
-0.0874259
-1.61855
1.62189
-0.548985
0.789125
-1.36542
0.816134
-0.383069
0.38051
-0.0188811
-1.69475
2.23969
1.05283
-1.8795
-0.652995
-0.343832
-1.13724
1.81143
0.567784
-0.438255
-0.821558
-0.911834
-0.883475
0.551215
-1.17677
0.0610722
-0.976743
-1.0571
-0.776054
-0.248377
1.91298
-0.609425
-0.892641
-0.647716
-0.3082
-0.163936
1.85741
1.86429
0.479025
-0.769915
-0.263474
0.406995
1.58843
1.20437
-1.81301
0.251243
1.2555
1.39337
1.46138
1.35392
-1.38958
0.263634
0.135257
-0.511854
-0.401759
-0.175586
0.0278144
0.383968
-0.761125
1.25488
-0.498461
-0.985905
-0.199129
-1.54963
-0.671162
0.274298
-0.680922
0.897309
-0.204235
-1.37016
0.0794156
-0.380227
-0.865232
-1.10866
-0.671487
0.229346
-1.3527
-0.698676
1.58339
-0.491121
-1.48814
-0.347398
1.04096
-0.178687
-0.340033
1.0214
0.852358
-1.38868
0.732844
-0.754355
0.558837
0.547686
0.717897
0.856015
-0.496522
-0.133243
0.92214
0.547308
0.0247847
-1.0116
1.77003
-0.960549
0.228406
-0.889479
0.301595
0.901285
1.15556
0.371591
0.205467
-0.580969
0.315562
-2.05337
0.636164
-3.02701
0.976363
-2.1497
0.282733
-1.36088
-1.77416
0.0836522
-1.71097
-0.25232
0.225535
-0.397046
-1.0834
-0.177766
-2.06013
0.0577987
0.372082
-1.7619
0.842681
-0.414962
-0.0676154
-1.9617
0.0462103
0.652118
-0.982875
-0.219309
-0.56033
1.3063
-0.0344699
0.352199
0.856396
-0.920841
-1.01879
0.290276
0.692141
-0.621064
1.63401
-0.89764
0.32266
-0.456558
-1.06564
-0.587772
-1.12509
0.00230027
1.31326
-0.817456
-1.73577
1.49575
0.435352
0.0978869
-0.520115
0.138594
0.0339765
0.303458
-0.828401
0.218363
0.662162
-0.780396
0.609379
1.89088
-0.652457
0.0906585
1.78002
-0.508057
-1.44453
-0.108733
-0.00223347
-0.00689494
0.859491
0.981316
-0.386356
-1.30464
-0.489804
1.38953
0.410446
-0.980704
-0.375388
0.888754
0.110941
0.733576
-1.46488
-1.69388
0.0925571
1.08762
-1.02179
-0.925733
-0.818346
0.630796
-0.530657
-1.62897
-0.347666
-0.859845
0.429566
-0.81574
-0.75976
2.25594
0.351689
0.839222
-1.35575
1.15626
-0.946449
1.50933
-0.0707984
-0.128725
-0.767994
3.22735
-1.15387
-2.22621
0.51091
0.476476
-0.641985
1.29702
1.04691
0.546954
0.101573
-0.132746
-0.193949
-0.212401
-0.313784
-0.755765
0.0541965
-1.16178
0.166865
-2.72127
2.26211
-0.352798
1.66336
-1.69214
-0.740451
-1.02896
0.736682
-0.223469
0.171683
-1.10906
-0.899119
2.01223
0.555536
1.0778
1.06233
0.0174018
-0.886159
0.613442
0.711274
-1.26683
-1.20652
2.30617
1.13008
-1.56029
0.00190004
-1.24967
2.67186
-1.52224
1.01243
-0.35742
0.529914
-0.448678
1.38378
0.484616
-0.750581
-0.582912
0.0294983
-0.378493
-0.391788
0.164061
0.487455
-0.936495
0.18987
-0.477157
1.02265
0.605765
-0.47427
-0.446718
-0.548783
1.42262
1.45728
0.493527
0.735778
-0.950468
0.139971
0.430343
-0.582875
-1.4245
-1.96849
-0.565397
-0.435941
-0.194218
0.709055
1.71761
-0.513601
-0.48495
-0.192126
0.415569
0.0370652
-0.640925
-0.882389
-0.549729
1.54989
-0.505542
0.726314
-0.468062
0.868195
1.40617
-0.920645
0.629352
-1.21527
-1.94383
-0.0645472
-0.153957
0.586363
-1.27814
1.18516
-0.271996
-0.515962
-1.3598
0.551336
-1.61577
-0.154434
1.76138
0.131111
-0.476426
-0.929508
-2.89525
-0.197818
-0.765192
-0.215541
0.655936
1.37084
0.00388525
1.40661
0.165801
0.707334
0.594504
1.71345
-0.2664
-0.0783034
-1.23624
0.0238269
1.18766
0.103365
-0.562708
0.604028
0.54694
0.0284952
0.519954
-0.0580647
0.0271557
0.258086
-0.234825
0.868378
-0.113847
0.224964
0.0691038
-0.214757
-1.11754
0.749524
-0.673999
0.265586
-0.0964529
0.731934
-0.534782
0.0805127
1.35549
-1.44699
1.65715
-2.28776
-1.40333
0.307535
-0.416731
1.37843
-0.0162912
-0.489305
1.00663
-0.129751
0.683571
-0.967359
0.710243
0.741491
-0.141763
1.5915
-0.982897
-0.133237
-1.25612
1.42925
-1.25144
-0.737674
-0.464437
2.44797
-0.476678
-0.7427
1.71827
0.686994
0.537575
0.425873
1.97785
-0.0230825
0.520115
-0.503772
-1.60026
-2.58712
-0.281848
0.677085
0.231799
0.477759
-0.00252772
0.923358
0.736167
0.399526
0.0349477
0.245416
-1.16713
0.596414
-0.678513
0.729783
2.29801
-0.83328
-1.54662
-1.70881
0.48203
-0.0950454
-0.582504
0.726462
0.294081
0.558374
-0.207779
0.229364
-1.4165
-0.137669
-0.0587366
-0.261286
-1.57971
-1.32864
0.664429
1.47586
-0.64446
-0.320966
2.80035
0.5464
-0.139605
1.13748
-1.28774
2.27924
0.515689
0.647209
0.309364
-0.0922794
-0.884004
0.7058
0.952388
1.02582
0.583056
-0.244929
-0.663318
0.074861
-0.0379227
1.38231
-0.579658
-0.47535
-0.831213
-1.92545
-0.364454
-0.981643
-0.214834
-0.393992
-0.4752
0.0500541
0.109431
-0.353874
1.28227
-0.807959
2.02979
0.154712
-0.257537
1.76764
1.75028
0.861173
0.112036
-1.73361
0.620903
1.38063
-1.21988
0.0281341
1.09411
-0.247524
0.951794
0.110279
-0.326017
0.82728
-0.962265
0.0627678
0.613993
1.48924
-0.63182
1.55855
-1.47404
-0.367509
-0.410643
0.464055
-2.40991
-0.687394
-1.80326
-2.97681
-2.38367
-1.08128
-1.44293
-1.09099
0.146202
0.448232
-1.03909
0.771893
1.19656
-0.704826
0.786427
1.05497
0.551299
1.10474
1.45464
0.0290045
0.397803
-0.421923
-0.976023
-0.468066
0.918703
-0.710116
0.525623
1.35348
-1.19999
0.925856
0.427376
-0.77432
-0.471794
-0.561507
0.0083357
1.23752
0.451835
-0.357945
-0.711297
-0.531204
0.433125
-1.15653
0.534479
0.788477
0.196064
-1.55232
0.730679
2.48448
-1.41811
0.093423
0.30513
-1.36278
0.272433
-0.856108
0.351304
0.241547
-0.555919
0.539461
0.126892
0.589481
-0.802222
2.03562
0.169057
-0.627807
0.385904
-0.799484
2.34824
0.64886
1.70988
1.76658
0.841676
-1.7586
1.39306
-1.21588
1.08445
-0.537396
1.59521
2.08187
-0.0401822
0.671263
0.00136475
1.50363
-0.93346
2.04217
0.125927
0.88056
0.275292
0.213589
-0.794864
-0.559456
-0.188934
0.530481
0.897287
0.539146
-1.1274
-0.182349
0.464436
0.49567
-0.349417
0.54264
-0.15422
1.06551
-0.94118
1.27175
0.794681
0.669489
-0.0964247
-1.44716
-1.50278
-0.635414
0.2298
2.78943
-0.182656
-1.65775
-0.0256512
-2.69256
0.51235
-0.115972
-0.153728
0.0121652
0.366192
-1.5711
-0.514156
-1.14203
0.721294
-0.206979
-0.29889
0.789372
-0.932988
-0.725223
-0.715663
-1.36676
-0.274993
0.318063
-0.0216223
-0.131012
2.02217
0.148702
-0.957099
-0.319159
0.440491
0.784514
1.21778
-0.11034
2.07644
0.0143851
0.35084
-0.767581
0.415422
1.59404
0.539294
1.66302
-0.0531579
1.09954
2.53694
-0.202055
1.53306
1.00299
-0.0925387
1.62167
0.437914
0.944509
1.03558
-3.27983
-2.29167
-0.904082
-0.279001
-0.604683
0.355203
-1.57903
-0.0910981
-1.00015
1.40041
-1.45742
-0.974856
0.748139
-1.74032
-0.829641
0.0110507
0.869582
-0.66746
0.126284
-0.610009
-1.76771
-0.576171
0.108994
-0.174946
-0.380404
-0.479514
-0.244836
1.04775
0.59859
-0.509557
0.606527
0.580813
0.138965
0.42369
-0.110601
0.343045
-0.318162
-0.736572
-0.585906
0.0444262
0.836388
1.84379
0.33084
0.217044
0.373335
0.969388
-1.72089
-1.33686
-0.913515
-0.774289
-0.798714
-0.408066
1.33102
-0.753928
1.90348
-0.290254
0.623781
-1.44741
0.640131
-0.537489
-0.731386
0.567428
1.90788
-1.03118
1.18088
1.04016
-0.515961
1.3037
-2.43864
-0.110289
-0.373372
0.812063
0.36769
1.6229
-0.105128
0.313519
0.637025
-0.632146
-0.857542
-1.11094
-1.8153
0.864505
0.652703
0.108843
0.271199
-1.36226
-1.66689
-1.12325
-0.282295
1.4631
0.779759
-1.3903
0.0851796
-0.768757
1.04278
-0.102444
-0.197554
-0.800944
-0.205921
0.397145
0.511181
0.370627
0.801541
-0.947029
0.186723
0.105187
0.706337
-1.06387
-0.819554
-0.741205
-0.376962
0.492166
-2.29896
0.402465
0.0705378
0.163362
-0.329595
-1.25346
0.715241
-1.05572
-1.13137
-0.734914
-0.663971
1.10301
-1.21517
0.795399
-0.400406
2.31558
0.473648
-0.0806042
0.363959
0.670146
0.815765
-0.304898
0.643458
0.900295
1.29044
-0.108885
-0.706217
0.964104
-0.328539
0.184937
-0.43567
-0.735812
0.766569
0.481847
0.201424
-0.891687
1.99467
1.84534
-0.867378
-2.17209
-1.66136
-0.526552
1.07009
0.352558
-0.446805
-1.00805
-0.817953
0.123417
-0.558582
0.0708469
0.739517
0.743683
-1.79656
0.849489
0.834696
1.74271
0.924711
-1.46425
1.09936
-0.662148
-0.142075
-1.46951
0.809013
-0.37135
-1.35849
0.00762207
0.175797
0.893228
-0.561955
0.238805
0.307628
1.52316
0.0650555
0.0439241
-0.612109
-1.37912
-0.15582
-2.3871
0.19038
0.323023
-0.35029
-0.78445
0.765328
-0.804043
-0.147734
0.516166
0.913115
-0.581237
0.166152
-1.00605
0.699187
-0.280218
-0.201809
-0.127003
0.380291
-0.613196
1.56467
-1.50647
-0.499252
-0.017569
0.506215
-0.121664
1.3309
0.0244648
1.20035
-1.39301
0.454739
-0.748268
0.474551
-1.13703
0.921823
0.387978
0.453664
0.829396
0.941384
0.455275
-1.06841
0.598785
1.10495
0.395796
-0.928991
0.73685
1.1873
0.517273
0.382268
-2.40527
0.271366
-0.184644
-0.356644
-0.642728
-0.52462
1.19938
0.213244
-0.966305
0.111769
-0.0194069
-0.311824
0.051692
1.21156
0.164048
-0.162818
0.047564
0.490171
-0.48444
-1.20108
0.553897
-0.0831993
0.497879
-0.35685
-0.0471202
0.455395
0.745863
0.153686
1.63035
1.72948
0.23397
0.193838
-1.23137
-0.552684
0.103879
0.127788
-0.99292
-0.169082
-0.450766
1.64585
0.17645
-1.0035
-0.145494
1.32829
-1.01004
0.956009
-0.0108009
0.369637
-0.233369
0.414412
-0.342488
-0.320889
-0.467306
0.0892122
0.0345845
-1.10514
0.576643
-0.155513
2.33066
-0.475724
-0.996626
0.710767
0.130645
-0.560935
0.381456
-0.30676
0.232436
0.476647
-1.31434
0.863274
-0.0905485
-0.685432
-0.211793
0.297088
-0.544058
1.61841
0.661425
0.898191
0.396968
1.07636
-0.547198
-0.108331
1.31663
-0.187503
1.82403
-0.848865
1.30565
0.204466
0.528954
-1.06269
0.0438604
0.241326
-1.96604
0.136273
0.187993
-1.3364
0.264303
-0.0421945
0.236362
0.287204
-0.729519
-2.419
0.71337
-0.651216
-1.42391
0.379655
1.16802
0.489706
-1.12324
0.26944
0.177917
0.429019
-0.120604
0.731883
0.592209
-0.592557
0.541085
-0.863087
-1.02751
0.869072
0.405309
-2.60669
-0.26313
-0.499172
-1.95744
0.439453
0.421988
0.191536
-0.643257
1.2391
2.16873
-1.14989
1.00177
0.633081
-0.614449
-1.3307
-1.18812
0.562877
-0.345193
-1.53777
-0.236906
0.202187
-0.666884
-0.812048
-1.02126
0.553781
0.118057
-2.28743
0.445468
-1.24924
-0.281287
1.08302
1.55707
0.275638
-1.03343
-0.0365557
-0.151812
1.59181
-0.288866
-1.09244
0.153578
-1.76898
-0.210604
1.0873
1.22074
0.143896
-1.05424
-0.438087
-1.15982
-3.31251
0.0266692
-0.639962
1.0809
-0.575386
-1.11832
0.0659343
0.366849
-0.374178
1.56602
0.416421
0.360355
0.0811226
0.392299
0.214069
-1.01799
0.439585
0.234385
0.136807
-1.30105
0.534357
1.37558
-1.59483
0.520843
-0.14893
2.17909
-0.526581
0.462937
-1.01089
-0.127681
-0.0839689
1.67133
0.946076
0.451997
-0.561694
1.02868
-0.439032
-2.47472
0.380155
1.82841
1.49202
0.140107
-1.76786
0.973839
0.943795
0.330635
-1.04566
-0.191711
-0.309022
-1.43661
-0.286163
0.438542
-0.112048
0.453148
-0.228599
0.562811
0.19512
-1.55943
-0.42426
-0.889819
-1.9015
-1.51195
-0.358893
1.02084
-1.72844
0.197567
-0.0280722
0.351656
1.24562
-0.564131
-0.987951
0.243537
-0.245922
0.605023
0.630311
-0.774421
-1.11012
1.07685
-1.86124
0.0523569
-1.0433
1.6711
0.420066
1.47166
-0.902398
-0.335596
-0.396533
0.925977
-0.179178
-0.0179477
1.05765
-0.107869
0.23193
1.36587
-0.738651
-0.697056
0.920712
1.80506
-0.144111
-2.29272
0.07658
0.68947
-0.160911
-3.15533
-0.556724
-0.22035
0.575843
0.132697
0.633898
0.579326
-0.871729
1.39192
-0.511362
-1.09775
0.630209
0.932972
0.185339
0.0862731
-2.25714
0.0488567
-0.267234
-0.514918
0.479619
-0.0437864
1.14151
1.23323
-0.540819
-0.117622
0.183412
1.1135
-1.37774
-0.230483
0.408933
0.390078
-1.00574
-0.161957
0.195047
0.944289
0.297741
-0.409867
1.31299
1.0313
-1.514
0.16545
0.18239
0.216677
-0.170314
-0.410309
0.411792
-0.773008
-0.719277
-1.73498
-0.636846
0.0744577
-0.77233
-0.507889
-2.17921
-0.158721
-0.797567
-0.0104223
-0.761394
-2.63013
1.08629
-0.0175466
-0.480141
1.80526
-0.18775
-0.00574979
-1.16947
-0.657275
-1.29926
-0.868213
0.394256
-0.853535
0.181085
0.437254
1.58521
-0.648361
-1.02578
-0.426223
0.825857
-0.999121
0.727737
-0.710435
-0.391285
-0.994952
0.0194803
1.47548
-1.661
-0.684114
-0.922802
-0.371845
0.760206
-1.50027
-0.597117
1.69583
0.106031
0.726489
-0.024993
-0.687294
-0.03405
-1.21644
0.168959
0.908867
-0.412192
-0.203183
1.72483
-1.95624
0.110754
-1.00875
-1.18273
0.841379
0.304208
-0.832001
-0.856747
-2.57688
-1.12728
-0.2127
0.0232972
1.77599
0.446534
0.168987
-0.861846
0.919183
2.0316
0.690043
0.896341
0.974199
-0.300982
-0.0783461
-1.22007
-0.565046
0.336893
-0.642585
2.68448
-0.508253
0.958056
-1.59146
0.496929
-0.332203
0.280388
-0.0732454
0.101849
0.25578
0.492972
-0.800026
-1.97069
0.192888
-0.406345
1.2072
1.7302
0.583051
-0.998493
-1.31478
-0.229268
0.806021
0.468012
-1.02037
-0.183761
0.164743
1.1641
0.586677
-1.36373
1.14112
0.4532
0.415392
1.20653
0.144201
-0.26908
-1.25079
1.76387
-0.488079
-1.43896
1.8976
-0.124327
1.88391
0.547487
-0.1902
2.3778
-1.86654
0.35786
-0.523918
1.02709
0.273248
-1.52071
1.36708
-0.346389
0.811251
-1.49418
-0.364289
-0.320168
-0.351433
-0.44233
1.11971
0.17993
-1.04153
-0.0521037
0.40139
-0.44538
0.0127426
-1.57595
-0.851969
-0.610921
0.666644
-1.31449
-1.76862
0.267449
-2.12781
-0.973899
0.296132
0.585649
-0.0910847
0.759244
0.114145
-1.43613
-0.116187
-0.104221
-0.922552
0.323327
0.295477
1.90106
1.56173
1.3637
-0.212997
0.180955
-1.18067
0.061642
0.703507
0.329234
1.24466
-0.847447
-0.900347
0.188736
-0.93949
-0.165367
-1.08669
-0.314585
-0.503652
-0.900927
0.0208077
0.175431
-0.648359
0.0284258
0.552944
0.521964
-0.600541
0.655517
-0.850224
-0.729857
0.429232
-1.19406
1.05102
-0.308543
1.78727
-1.1119
0.0740263
0.593808
-1.56053
0.107784
1.84504
-0.171761
-0.201678
-0.351505
0.824172
0.302627
-1.13414
-2.02111
1.51103
0.444566
-0.508377
-0.379198
1.63611
0.747066
0.897581
-0.975375
0.685624
1.5389
-0.523624
-0.745669
-1.06662
-0.826813
-0.627221
0.993872
0.589285
0.330404
0.337956
0.591935
-1.13721
-0.666837
0.132061
-0.102881
-0.00370138
-1.42998
-1.02394
-1.36694
-0.569754
-2.16659
0.983006
0.300564
-0.544018
0.822252
1.62364
0.939145
1.25965
0.109944
-1.13441
1.14678
-0.616965
0.579367
0.311013
-0.303717
-0.258983
1.19118
0.59986
1.41156
-2.06145
-0.104842
1.02005
1.10266
-1.68804
1.07527
-0.465804
-1.39805
0.382433
-0.308214
0.244136
0.560225
-0.962054
0.90253
1.48483
-1.3222
0.264127
-0.869364
0.683278
-1.63354
-0.386609
0.159172
1.20297
-0.191374
0.960314
0.160006
0.30174
-1.69148
0.788347
0.684358
-0.72798
-0.246499
-0.108785
-0.431903
0.372132
1.35511
0.69457
-0.605413
1.09143
1.68961
-0.264883
-0.26152
0.580729
0.281177
-1.30053
-0.118432
1.19351
2.22103
-1.00553
0.445623
-0.421403
0.0186966
-1.86422
1.41715
-0.849156
0.152926
-1.12718
3.05978
0.115912
0.0802565
0.736658
-0.199517
-0.182766
-1.11713
-0.501124
0.151642
-1.1006
-0.874555
-0.281145
-1.41194
-0.159108
-0.817207
-0.196687
-0.200349
1.26929
-0.896815
0.568377
0.253137
-0.236576
0.0100873
-1.93708
1.84
0.603157
-3.61228
0.132719
0.465054
-2.54766
-0.471066
0.523526
-0.646308
-1.16258
0.912679
1.62757
-1.56114
1.01897
-0.150658
0.592522
-0.540441
0.961903
-1.60259
-0.579624
0.429948
-0.202849
-1.48389
1.00701
0.856451
-3.27144
-0.0986127
0.620558
-0.0514153
-0.616583
-0.765528
-0.0341835
0.784224
0.117715
-1.11028
-0.565239
-0.661264
-0.825453
1.29931
1.52364
0.670656
-0.899987
1.82714
-0.619076
-1.18021
-0.0988498
-1.21681
-2.57933
2.21605
0.539681
0.400895
-1.04929
-0.268404
0.955478
-0.841523
0.207758
-0.891871
0.172355
-0.346309
-0.438607
0.177572
1.39039
-0.700968
2.39547
0.0512615
-0.0540479
-1.21515
-0.161034
-0.841771
0.416785
-0.634232
1.18365
1.62042
-0.330413
-0.0583766
0.13385
-1.59242
0.491663
-1.24979
-0.15267
1.08854
0.960122
-0.442866
0.315301
-1.0987
1.04365
-0.467382
-0.0812845
0.365313
-0.509691
0.16683
-0.549539
0.208867
-1.08396
-0.122024
1.12154
-0.601898
0.531229
-0.508835
1.06322
-0.348562
1.73374
0.862427
-0.733968
-1.1267
0.803508
-1.64467
-1.41779
0.848742
1.58359
-1.18655
-0.380687
1.32541
0.209473
0.0532935
-0.784159
0.613041
-1.82133
0.133889
0.735452
-0.596874
-0.536955
-1.27142
-0.823285
-0.232535
-0.588812
-0.793365
0.900179
0.264319
-0.160043
-0.765218
-0.259805
0.977312
-0.789138
1.31093
-1.51803
0.85886
0.197141
-0.00288833
0.405614
0.848286
-0.385379
1.46458
-2.17393
0.453944
-0.89284
-2.3311
-0.759739
0.527645
-1.84881
0.187535
-0.474734
-0.285819
1.18583
-1.08965
1.36996
-1.36324
0.405159
-1.27275
-1.15762
-1.26115
-0.186959
-0.00165716
-0.537293
-0.234
0.923019
-1.32456
-0.525821
1.40482
1.71317
-0.424738
0.539535
0.463162
1.09511
1.5226
-0.420431
-1.71122
-0.132409
-1.72894
0.854928
0.513881
0.748581
0.272055
-0.419278
-1.19248
-0.527443
0.889279
-2.09591
2.18967
2.39521
-0.270873
-0.0760346
1.16558
-1.86915
0.522093
0.798381
-0.662022
2.5509
-1.52614
0.133495
-1.17163
-1.88823
-2.18819
-0.283356
1.90616
0.17893
0.803315
-0.559878
-2.95618
1.11847
0.293553
-1.63916
-0.13157
0.0191427
0.0988873
0.790755
-0.615471
0.717417
-2.16035
0.245711
0.848591
-0.740772
-0.553468
0.376791
-1.37847
-0.989868
0.859028
-1.37261
0.434532
-0.904054
-0.798883
0.58133
0.601309
0.125063
1.1424
0.0224792
-0.682825
-1.38223
-0.104824
-1.314
-1.23528
1.34259
-0.495742
-1.99512
-1.11732
1.749
-0.393446
0.918668
0.458001
-0.733757
-1.21085
-0.685803
0.588593
-0.624135
-0.0387187
-0.560437
-0.803835
0.132127
0.0507157
0.731051
0.203604
-0.331994
-0.852743
-0.879077
0.169332
-0.879856
1.16283
-1.06216
-0.265819
-0.655284
0.773089
-0.112963
-2.34241
0.371548
0.291183
0.0225189
-0.282395
1.0274
-0.549493
2.10871
0.904687
-0.798853
-1.51787
-0.318562
-1.92916
0.645529
0.423464
0.512293
-0.826695
-0.0921389
0.876973
-1.22031
0.0026478
0.624198
-0.136851
-1.48257
-0.883959
1.60592
0.481515
0.84736
1.50128
0.214736
0.305136
0.298071
1.15723
1.40343
-0.876147
-0.56156
0.415603
1.3684
-0.395422
-0.206645
-0.786017
-0.669963
-1.50658
0.492704
-1.18409
-1.00523
-1.108
-0.399057
0.346446
0.0320024
0.719758
-0.114077
0.102657
-0.773631
0.678298
-0.109928
0.365338
0.263858
-1.80377
-0.911001
-1.3367
-0.110204
0.568407
0.157233
-1.24836
0.192419
0.317598
1.88825
0.0941251
0.384791
-1.67974
-1.95933
1.23805
1.18436
-0.570628
-1.23532
-1.62095
0.204874
-0.987675
2.42346
0.953529
-0.104008
0.55111
1.59394
0.242603
-0.205166
-0.138057
0.900835
-0.109178
0.637383
-0.361033
0.713199
1.01796
-0.00482962
0.345812
-0.137173
-1.34529
-0.0859378
-1.39544
0.486425
0.73659
0.451943
-1.52136
-1.6998
-0.583126
0.486674
-0.710377
0.330216
0.787497
-1.06202
-0.519865
0.191684
0.120298
0.183922
0.105636
-0.898485
1.03089
0.334311
-0.856758
0.116471
-0.430105
0.609252
-0.454504
-1.76358
-0.0177413
-0.225899
-0.598119
-0.933835
-0.144945
0.480654
-1.49967
-1.4262
-1.16494
-0.406331
0.753803
-0.530331
0.297298
1.29875
-1.59696
-0.68719
-1.87496
1.07586
-0.67439
0.617073
0.56859
0.362306
0.742153
0.893639
-1.33788
-0.509642
-0.74267
0.391675
0.564714
1.22054
2.5264
0.470246
-2.82941
-0.0356902
0.6995
-0.674629
-0.49115
-1.63851
1.01727
0.163796
0.0331509
-1.31999
-0.350731
-0.204316
-1.65772
0.164387
0.313559
-1.00756
1.48079
2.65931
-2.62126
0.398584
0.6194
1.63538
1.10019
-1.46458
0.231368
1.33713
-0.204992
1.29804
-1.10289
-0.465432
-0.278424
-2.73948
0.419297
-0.930967
1.38673
1.08099
-0.579012
0.729268
0.260553
1.41479
0.24826
-1.20038
-0.862123
-0.720884
0.558593
0.566364
1.0541
-2.02482
-0.117036
0.923925
-1.00093
-0.603259
1.99538
-0.910398
0.277012
-0.435676
-0.99246
0.0205451
-0.881928
0.815645
0.22217
-0.802661
-0.110585
1.43509
-1.27557
-2.15137
2.03753
-1.02184
1.3374
-1.28308
1.05245
-0.0477366
0.14236
-0.444925
-0.880913
-0.73314
1.29016
0.0790635
-1.77127
0.295875
0.78311
0.889179
0.407559
0.0964476
-0.82386
-0.96843
-1.19541
-1.02822
0.0747434
0.672372
-0.084343
0.214409
1.58888
-0.182307
0.33388
0.370956
-0.848009
-1.84929
0.0521095
-1.46158
1.64455
1.7538
-0.694197
0.265519
-0.135548
-2.08426
-1.41196
-0.858599
1.06495
2.16347
-0.736388
0.38522
0.794428
1.87389
-0.739735
-1.36974
2.55324
0.10946
0.652683
0.0291984
-1.75751
-1.315
0.227548
0.542338
0.764468
0.209658
0.142307
0.0218815
-1.03624
0.804185
1.12601
-1.25184
-0.900597
0.478481
0.514747
0.876725
-0.076056
-1.14126
-0.465757
1.36398
0.0744352
-0.918055
-1.81732
0.0275808
-0.181294
-0.379528
1.07803
-0.017594
-0.335944
0.0434863
-0.328012
0.812148
-0.824583
1.21602
-0.30713
-0.151638
0.91824
-0.327996
-0.494561
0.493519
-1.60621
1.083
1.37333
-0.667808
-1.17575
-0.0502852
1.31706
0.997328
-0.0190988
1.34637
-0.333075
-0.0845989
0.162947
1.07981
2.99149
0.166836
0.296863
-1.56418
-0.221011
0.691044
-0.367212
1.6447
-1.40636
-0.331876
-0.204924
-1.24183
-0.275995
0.162361
-0.155518
-1.3859
-0.48018
1.50411
-0.493058
0.0729804
1.64308
0.108463
-0.562975
0.00501334
1.20197
1.21331
-0.962548
-0.744426
-0.428153
0.418897
-0.323394
0.35309
0.0943321
0.431376
-0.299253
-0.5171
-0.906305
0.0863223
0.21582
0.301305
0.726293
1.38116
0.685103
-0.803927
0.276366
2.15532
-0.831257
-0.215394
1.44219
0.552382
0.479527
0.644087
-0.9763
-1.97869
-0.45449
0.0245591
0.860102
-0.0795783
0.831724
-0.0224078
-0.379789
0.179235
0.293794
0.32657
-0.178006
0.366824
0.889398
-0.780312
-1.13032
1.53073
-1.22849
0.0705548
0.910817
0.435455
0.230747
0.833133
-0.146215
-0.0844268
0.544836
-0.381345
-1.34405
-0.534944
-0.446748
-0.0255089
-0.838555
-1.30215
-0.22006
1.59298
1.03697
-1.19219
0.0288672
-1.38301
-1.22039
-0.800028
-1.6558
1.02634
-0.639982
-0.0018651
0.843309
1.44075
0.0416329
-1.42052
-0.708795
-0.876499
0.128345
-0.806223
-0.507307
0.611475
0.935325
0.234534
-0.39678
0.350625
0.000882734
-0.440197
1.4212
-1.05378
1.43553
-0.149009
-1.58626
-0.42214
4.21724e-05
0.892928
-0.998026
0.294977
1.35122
1.35044
1.4573
0.0271602
0.216903
-1.44489
1.22385
0.385153
-0.103719
1.11193
0.186783
-0.24985
-0.883384
0.575036
1.41958
-0.173643
0.246605
0.0308175
-0.786691
0.0206753
-1.36548
1.98737
-1.09618
-0.0317679
0.089839
0.846125
0.00930078
0.463324
0.0610172
0.375872
0.33758
-0.668044
0.0490603
0.795797
-0.752237
2.37432
0.222368
-1.59534
-1.66555
0.325762
-1.66494
0.867108
1.0016
0.238562
-1.47231
1.3845
0.472543
-0.191189
-1.16744
-0.461462
-0.0549696
0.936101
0.867393
0.797449
0.304415
1.12269
1.4333
0.154005
-0.975261
0.0901313
-1.44356
0.0115097
2.04637
0.492582
0.180308
0.627853
0.0902527
0.814791
-0.169669
-0.394399
2.70984
0.683195
0.256043
-1.25205
0.959312
-0.287474
-0.388428
0.0961457
0.379088
0.888194
0.751713
-0.529922
-0.169176
0.148778
0.743256
-1.1058
2.03341
-0.188575
0.767826
-1.05516
-0.450254
-2.63053
-0.557968
-1.2203
-1.41184
1.15553
-0.70861
-1.0976
0.400536
-0.562252
0.168857
1.3148
-1.20903
0.322498
0.021638
0.451976
0.0892174
-0.137366
-0.621377
-0.61135
-2.24174
0.417283
-0.195267
1.13787
-0.303881
-0.621701
-2.17753
0.233351
-0.868919
0.629379
-0.223472
-1.84196
1.45331
-1.1828
-1.12375
-0.491277
0.75906
-0.916596
-0.800014
-0.777488
0.756426
1.92006
-0.201145
1.51975
1.27888
0.0595491
0.169158
0.939545
-0.74143
0.0573592
-0.430843
1.46969
0.171988
-0.726873
-0.767207
2.80921
1.02255
-2.09326
0.427818
-1.70861
-3.51972
-1.11223
-1.39576
0.255889
2.33477
0.983242
0.0158211
1.02153
-1.4061
0.41959
-1.1315
0.568813
-0.871697
0.841037
-0.761097
0.640567
0.406819
0.214488
-1.9478
0.78022
-0.20927
-0.684557
-0.205421
0.577469
0.495619
-0.965732
-0.762712
-0.275115
0.910059
0.206156
1.2845
-1.09185
1.25534
-0.101898
-1.20709
-1.22543
-0.945587
-1.02935
1.59114
0.642194
0.0516856
0.461122
-0.117354
-0.634268
0.186425
-1.44552
-0.197536
0.279134
0.954778
0.608621
0.14132
0.399096
0.380138
-0.487539
-1.10029
0.189736
1.37402
-0.329039
-0.0726183
-0.380378
-0.898707
0.0426674
-2.35586
-0.894525
1.34941
0.675628
0.462916
-0.318496
-0.888815
-0.0661471
0.00891153
-2.42024
-1.37822
-1.37993
1.99576
-0.0754365
0.474037
-0.216695
0.467603
-0.658084
1.20266
-0.166906
-0.967735
1.01647
1.25151
-0.0993451
-1.13784
0.731317
-0.283005
-0.64121
-1.21597
0.629591
2.09952
0.782412
-0.240377
-0.790613
0.039259
-1.51224
-0.335078
-0.583206
-0.389999
-0.923471
0.869278
-0.643748
-1.49617
1.33556
0.714762
-1.23025
0.842044
-0.99798
-1.298
-0.336909
0.263355
0.0295836
-1.10121
-0.0691275
1.03357
-0.166015
0.531022
-0.827221
0.232203
1.8952
0.0113504
-0.979972
-1.50749
0.16729
-1.36504
0.193162
2.59278
-1.04556
0.46161
0.71642
1.11209
0.841443
-0.17079
-0.965924
0.113962
1.40262
0.512024
0.924751
1.27307
-0.503952
-1.63078
-0.693062
1.09492
-2.24338
-0.509049
1.01886
-0.970208
0.429705
-0.440649
1.35063
0.571826
-3.45678
0.861704
0.734786
-0.666186
-0.840268
0.0430789
0.392454
0.0669785
1.22054
0.0786812
0.843964
0.226474
-0.211436
0.431046
-1.8639
0.00819216
-1.04478
0.580592
1.79477
-1.5479
0.246071
-1.34238
-0.63474
-0.605706
-0.884175
0.123381
-0.214286
-0.0947339
-0.458747
-1.35114
-1.88905
-0.230439
-0.635084
-2.48442
1.61696
-0.385047
0.163236
0.820256
-0.404284
0.0545278
-0.163331
0.699188
-0.525665
-1.10618
1.1902
0.996756
-1.23977
-1.12348
0.360195
1.31987
1.55873
-1.60012
0.144004
-1.50672
-0.386763
0.94879
0.344298
0.0715764
-0.584622
-1.1821
-0.219301
-0.231398
-0.609849
0.72398
0.981841
-0.252508
0.374159
-1.15931
2.23577
-1.28517
-0.189084
-0.775279
-1.47287
-1.10224
0.315215
-0.787076
0.103266
-1.00885
0.835441
-1.43254
0.337246
1.10703
0.331689
-1.40731
0.196937
1.16738
-0.648247
0.342057
1.36117
0.778111
0.27089
2.80353
1.15149
1.01828
0.820417
-1.07433
0.516112
-1.17639
1.15073
0.745881
-1.59665
0.170068
1.2116
1.68417
-1.23093
-0.460177
0.284407
-0.816106
-0.0618273
0.508475
1.05255
