-1.93542
1.05912
1.213
-1.41862
0.447889
-0.433905
-0.240759
0.461502
0.428475
2.19101
1.28147
-0.418862
-0.887937
0.639365
1.09462
-0.112947
-0.875965
0.38597
-0.52789
0.699976
1.55977
0.747911
-0.536978
-1.91313
0.123034
-0.394826
-1.67357
-0.553161
0.135901
0.328824
-0.146135
0.841394
0.407094
0.110688
-0.0867664
2.03812
0.705541
-0.48042
0.749858
0.320812
0.370876
-0.544941
0.0327203
1.3152
-0.700241
-0.483991
0.966173
-0.0278675
0.720114
1.23241
-0.302149
1.2377
0.35163
0.366941
-0.669381
0.474792
-0.10876
-0.0741042
0.364203
-0.187393
-0.54823
0.829733
1.11843
1.08577
-1.2502
-0.112019
-0.0792697
-1.01003
-0.150584
-1.25534
0.758211
0.575804
0.366859
-0.647622
0.250009
0.897609
-0.473805
-0.434829
0.7603
0.030816
-1.83849
1.13149
0.75137
-0.341322
-0.121063
-0.173134
-1.36983
-1.14132
0.320681
-0.607802
1.32105
0.63667
-0.958179
-1.4966
1.4394
1.41915
0.314148
1.06278
-0.201384
-0.52221
-0.277029
-0.385963
-0.518448
2.85245
0.335645
0.754456
-1.89811
-0.0308423
-1.60545
0.0381397
-0.88998
-0.925507
0.767394
0.368285
-0.427885
-0.94565
0.462736
-1.27187
-3.59887
0.16941
0.973248
1.07089
-0.323465
-1.2561
-0.217514
-0.784368
-0.538153
-0.298837
0.638084
0.794778
-0.613245
1.11606
-0.978764
-0.277402
-0.0387215
0.33889
-0.169313
2.27996
0.581763
0.731295
-0.350216
-0.449866
-0.0448471
0.66971
-0.836267
-1.37995
-0.374085
0.834134
0.76767
-0.183079
0.768928
0.651541
-0.344087
-0.221067
-1.41396
1.24397
0.356291
1.32622
-0.228134
0.499836
-0.785661
0.177951
-0.325185
2.11261
-0.819683
0.424643
1.44472
0.464453
-0.762183
0.208033
-1.80418
-2.52368
0.432422
-0.816831
1.70859
-0.865761
1.01024
-1.27741
-0.567064
-0.888908
-0.0252254
-0.246005
0.482552
1.08425
0.809478
-0.95539
0.305358
-0.35723
0.473446
-0.848104
0.186711
0.174655
-0.551309
-1.38056
-0.0772484
0.572508
-0.549546
1.72274
-0.348684
0.745847
0.376987
-0.627078
0.494163
0.356587
1.7525
0.624964
-0.648934
-1.82601
0.0161135
0.530569
-1.28302
-1.24036
-0.303791
-0.56329
-0.186939
0.0504619
0.599447
-1.52646
0.430131
0.417354
-1.56879
0.29264
-0.707693
-0.817941
-0.638945
-1.4177
-1.11501
-0.00516012
0.766218
0.422035
1.48335
-0.0442921
-0.70083
-1.75064
0.0381721
1.35307
-0.371541
-1.13335
0.621171
-0.277985
1.5021
0.716537
-0.0481314
0.410128
0.865485
0.562121
0.43562
0.704647
0.337727
-0.54963
-0.86085
0.0978066
1.52853
0.00842409
-0.579207
-0.944079
-1.73171
0.504559
0.815384
-0.613785
-0.70587
1.38553
-0.879672
0.381888
-0.961673
-1.51293
-0.751383
1.6862
0.220445
-0.935655
0.162316
0.845992
-0.71057
0.812296
0.0101333
-0.737367
-0.0963475
-0.482516
0.373876
-1.8818
-0.156137
-0.483698
-0.856873
0.0767283
-0.553577
0.8133
0.540347
-0.60686
-0.345004
-0.689472
-0.746287
-1.21691
1.15556
1.41427
0.37534
1.25883
-1.84815
-1.78397
0.619793
0.383487
0.893776
-1.19718
-0.931527
0.734005
0.186905
0.254786
0.532353
0.669742
1.28802
1.0855
0.107767
0.430254
-1.01499
-1.80458
0.579991
0.109037
-0.530955
0.402806
1.67972
1.02217
0.204733
-0.124144
0.703375
2.61475
0.816798
-0.028125
-1.2939
0.226941
-0.348715
1.62235
1.39343
0.96722
0.717316
0.0670243
0.801724
0.0209642
-1.02281
-0.555111
-1.03608
0.386193
0.400149
1.35375
0.800359
-0.0317535
-0.385006
1.92039
-0.618356
0.547672
1.41368
-0.567503
0.759459
1.53074
0.0898938
0.82531
-0.445647
-0.301965
-1.00599
-1.53124
0.0316424
0.831103
0.565388
0.0937656
0.967242
0.350349
0.382374
-0.966515
-0.462645
0.772823
-0.0274313
0.982627
-0.25787
-0.644267
-1.47001
0.13262
0.36723
0.968441
2.31437
-0.723634
-0.631521
0.420165
1.61452
-0.351402
-0.0289633
1.08299
-0.539976
0.979218
-0.424834
0.108522
-0.612234
-2.5671
2.02111
0.336778
-0.485743
0.571501
0.412749
1.19355
0.110082
0.0753855
0.592941
0.021817
-0.134213
0.591467
0.390069
0.771882
0.40623
-0.470806
-1.62722
-0.538592
0.501561
-1.20552
-1.47492
-0.0972722
-0.631674
-0.499732
-1.10642
-1.84335
-0.356679
-0.226912
-0.698099
0.348899
0.624889
0.155232
-1.11695
1.0028
0.296973
-0.626107
-0.00185045
0.339432
-0.0377408
-0.168024
-1.52032
-1.36214
-0.72925
-2.13849
-0.711962
0.691297
0.0928016
0.242495
-1.3645
-1.06733
0.257791
0.0102693
0.40917
-0.261232
-0.0490389
-0.838794
-0.728834
0.693536
1.39758
0.529041
0.545491
0.10063
0.55023
-0.496552
0.821582
0.0982209
-0.778611
0.05909
-0.432741
0.494504
0.186569
-0.161706
1.26114
-0.323633
0.498143
-1.4919
-0.639752
-0.733935
0.572853
0.185184
0.314758
-0.309249
-2.01917
-0.0389265
0.430852
-1.33533
-2.146
0.625949
-0.621939
-0.758561
-0.875399
-0.820368
1.2599
-0.507766
1.41929
-0.0182977
0.395568
1.3115
-0.624098
-0.545184
0.296253
-0.00390187
-0.927309
0.621522
1.18271
-0.547824
0.380499
1.71748
0.788343
-0.0834017
0.364766
-1.23176
-0.00568958
-0.0420935
1.26371
0.66347
0.396677
0.521762
0.107044
-0.239636
-0.682951
-1.22269
-0.156944
0.485099
2.72564
0.232043
-1.86034
0.0563356
-0.753986
0.727401
-0.579498
-1.13093
0.364486
-1.26256
0.0299443
2.15684
1.16081
0.366756
1.18349
-0.463414
0.380147
1.52326
1.36886
0.639304
0.596012
-1.7977
0.131695
-0.525312
-0.295946
0.663093
-0.329683
0.894866
-0.0509048
-0.474845
-0.317475
-1.01949
1.56666
0.111828
-0.333574
-0.752156
0.87858
-0.275559
-0.987419
-0.363002
-0.0447177
-1.29227
-0.347381
-1.44786
-1.30967
-0.455929
-0.877216
1.77112
-0.665823
-0.105371
0.113394
0.402883
-0.285161
-0.066298
-2.4413
0.929608
-1.12369
-1.47357
-1.70433
0.4066
0.584921
0.807479
0.470138
-1.36369
0.51922
0.297623
-2.0638
-0.535407
0.207026
0.177168
1.18612
-1.39214
1.56289
0.653035
0.576894
0.41282
-0.744623
1.01297
0.581194
0.508017
1.62083
1.47796
-0.979203
-0.279796
0.842497
-0.498403
-1.27342
-0.459252
-1.23231
-0.738324
-0.511598
-0.204911
1.30738
0.867626
1.99449
1.70324
-1.77497
-1.29731
1.50773
1.91024
-0.922141
0.468012
0.715462
-0.537847
-1.07515
1.84562
0.682312
2.2349
-1.22923
-0.821941
-1.40569
0.636814
-0.208446
0.694502
-0.0132023
-0.326685
-1.08474
-1.08081
0.551476
1.60011
1.24406
0.842533
-0.268472
1.13108
-0.156222
-1.19373
1.21038
-0.0593034
-2.00707
0.192678
0.504494
1.4527
0.965071
1.60363
0.922102
0.0207734
-0.576167
0.201974
0.40868
-0.681404
-1.16827
0.773272
0.945336
-1.37267
-1.23496
0.787405
-0.371825
0.582118
0.299596
-1.77983
0.670058
1.37134
-1.18603
0.0533097
-0.586739
-0.0189802
-2.93919
-0.0131294
0.239412
-1.4038
-0.315112
0.0444751
0.523724
1.72555
-0.341387
-0.216087
-0.626341
0.306549
-0.494569
-0.477839
0.323186
-0.405779
-0.649342
1.24707
0.97755
-1.92566
-0.98655
0.961193
0.825569
-1.68164
-0.981005
-0.711348
-0.279134
-1.13053
-0.330484
-0.186505
-0.935889
-1.95306
1.06224
-0.340835
-0.652674
-0.162965
-0.617896
-0.23085
-0.41227
0.131264
1.46157
-0.834749
-0.340994
-1.75159
-0.623032
1.99602
-0.0998952
-0.511906
-0.978551
0.542671
-0.490257
-0.50798
-0.0119379
-0.480171
-0.801883
-0.848504
0.863616
-1.0693
-0.431765
0.490127
0.785163
-0.61896
-0.848911
0.466128
-0.32237
-0.0675429
0.499418
-0.164269
1.47583
2.09017
-1.18889
-0.923602
-1.3838
-0.301286
-0.4422
-0.514727
0.756429
-0.0561674
-0.580025
-1.28284
-1.49694
-1.83801
-0.182495
0.877689
-0.00875869
-1.09953
-0.377453
1.10871
0.090163
0.821131
-0.591553
-0.624893
-0.0370811
-0.722821
0.741078
1.04575
1.24957
0.990463
-0.644433
0.637549
0.259198
1.24334
0.300291
-1.93749
0.31006
0.285608
-0.0243824
0.403765
-0.842297
2.40952
-1.67546
-0.924992
-0.904163
0.184867
2.72641
0.050479
1.55929
-1.16884
-1.29732
0.848113
1.9833
0.501996
-0.111898
-0.615611
2.66162
0.045116
0.485354
-0.405797
1.10884
0.229494
-0.324313
0.365895
-0.536707
-0.313421
-0.407385
-1.10788
-1.17497
-0.807302
-0.399747
1.54749
1.30843
-0.32804
-0.964867
0.412156
0.486818
-0.67647
-1.45917
-0.980446
-0.922766
-0.883816
2.10405
0.0115155
-0.465428
0.232015
1.27856
-1.5823
-0.158389
-0.106611
-1.74117
1.04136
0.346343
1.73276
-1.01365
-1.55445
0.708394
2.40746
-0.00418542
0.37355
-0.0526926
-1.49392
-0.165468
-0.992595
0.934151
1.05727
0.0292935
0.234287
-2.01102
0.0524617
-0.227157
0.505683
-0.381239
1.89784
0.997939
-1.41056
-0.718496
0.862272
0.678002
1.85116
0.702019
0.108642
-0.542055
0.580463
-1.03289
-0.44317
0.746949
-1.56116
0.917852
-0.53366
-0.127236
0.485449
-0.659898
-0.18793
-1.48434
-1.19483
0.757738
0.549987
-0.98763
0.935219
0.581623
-0.12523
-1.62325
-1.39122
-0.869703
0.0270038
0.480829
0.63876
-0.0953836
-1.14505
1.94579
0.419741
-0.602379
1.59173
-0.228179
0.853054
0.462576
1.65021
0.0138302
0.330658
1.05475
0.41642
0.160773
0.0876394
1.89856
-0.803828
1.71766
0.444153
-0.576612
0.203686
-0.203101
0.190361
-0.48626
0.242579
-0.306802
1.46488
0.817535
-1.58063
-1.0716
-0.820888
0.548151
0.383424
0.630395
-0.588235
1.993
1.11243
0.144035
0.379037
-0.836627
2.26256
0.825018
-0.575517
-0.504696
0.0129054
-0.310947
0.716646
-1.0528
1.43175
-0.571551
-0.973286
1.77847
1.3871
0.756372
-1.19128
-0.345097
0.593653
-0.381174
1.0174
0.752288
-0.48583
-0.740737
-0.131418
1.20747
0.775976
-0.139594
-0.429571
0.888737
0.226617
1.13661
2.10449
1.97781
0.509664
-0.0607846
-0.46415
0.227606
-0.218207
-1.05558
-0.658548
0.115593
1.20995
0.881728
0.860182
0.857273
-2.12134
0.382589
0.155871
-0.504729
0.253592
-1.56774
-0.308525
1.30057
0.158732
-0.108502
1.22813
0.977314
-0.369993
1.25339
1.69422
-1.46944
0.241341
0.0245452
-1.59336
-0.0473417
0.1349
0.682084
0.517024
0.372447
0.546405
0.919127
-1.27676
-0.0260001
1.65064
-0.848518
-0.841165
1.51629
0.581623
0.635654
0.652327
0.32395
-0.405959
2.07862
0.517596
-0.499986
0.824791
-1.91046
-0.638597
-0.737946
0.293347
-1.18657
0.104421
0.107767
0.148494
0.921988
-1.1546
0.863589
-0.659666
-1.13569
0.517608
0.404827
0.363716
0.745808
0.697647
1.54442
-0.750688
-3.30774
0.627319
-0.234506
-2.00698
-1.60964
1.15859
-1.01093
-1.5653
0.28509
-1.0989
-0.593993
1.83165
1.9513
-1.03496
-1.2949
0.448726
1.04829
-0.571419
0.221493
1.44801
0.930139
-1.0254
-0.0238932
-0.0435066
0.660576
-1.1296
-0.432177
0.765904
0.228284
0.496904
-0.0988732
-0.326451
0.349629
0.432055
-1.11634
-1.32179
1.12308
0.519994
0.210439
-0.947361
-0.327178
-2.14102
-0.317209
-1.37307
1.19225
1.93535
1.46577
0.02699
0.52711
-0.320708
-1.68755
0.774009
0.556775
-1.35446
-0.830184
0.210474
-0.643573
0.81595
-0.464206
-0.158573
-0.135014
1.8291
0.613944
-0.855294
-0.0285979
-0.426158
1.82017
2.22959
0.0564858
0.59206
0.903326
-1.50048
0.0314741
0.619859
-1.07529
0.575009
0.338061
1.16328
-0.655712
-0.309121
0.955005
-0.661358
0.34427
-0.130585
0.47379
0.95138
-1.22495
-0.674479
0.658249
0.121213
0.822666
-1.61399
0.842565
0.762706
0.538405
-0.905409
1.37235
1.38159
-0.0780648
-0.172583
2.69813
-0.209937
1.06907
0.384982
0.0914758
-0.37675
-1.02387
-0.15102
0.906475
1.28413
-0.0515514
0.985539
-0.553295
-1.87435
0.762705
1.61247
-0.543702
0.0233035
-2.21006
-0.745905
-2.66017
-1.15748
-0.481405
-1.24302
0.859776
-0.32165
-0.443661
-1.14625
1.17203
0.352792
-0.192806
0.335563
0.404665
0.249855
-1.28227
-0.187211
1.13481
-0.385445
-0.519459
1.26684
0.568423
-0.11344
-0.655563
0.761389
0.954815
0.741932
1.32729
0.769254
0.259063
0.558979
-0.893497
0.140129
-0.69452
-0.168262
0.269131
0.55209
-0.293861
-0.054463
-0.367699
1.72648
1.03488
1.26382
1.77548
1.20541
-1.11503
0.322853
2.10413
-2.08484
-0.481321
0.864313
-0.60996
0.216433
-2.84583
0.561716
0.4434
0.0598743
0.440391
-0.801012
-0.0626378
-0.432064
0.9663
1.37539
0.452271
0.476657
-1.53174
1.43219
0.3383
-0.429965
0.987147
-1.11852
0.338238
0.516319
1.60587
0.123348
1.34211
-1.04484
1.43422
0.599952
-0.500162
1.20151
-0.634566
0.226387
0.223391
0.0336801
-0.478583
0.950711
-0.703626
0.131802
-0.158027
0.0523418
0.251494
-0.644219
0.1125
0.125993
0.524256
3.09427
-1.49024
-0.837116
0.621638
-1.39777
-1.10151
-0.0117767
-1.96115
0.407865
-0.579364
-0.389182
-1.48036
0.397754
1.66243
0.0094832
-1.69644
-0.909896
0.941852
-0.777146
0.210386
-0.263345
1.77878
-0.456518
-0.00381868
-1.48071
0.940749
0.408108
0.192454
-2.04414
-0.416655
-0.248053
-0.385059
1.41136
0.378506
0.0685159
0.127728
-1.84044
1.22362
0.165089
1.54488
1.06732
-2.52221
0.536446
-0.0979571
0.798276
0.399795
0.244013
-0.431215
1.70711
-0.815697
-0.0307272
-0.993058
1.11555
-1.71256
0.55516
0.208875
-0.558815
0.653833
0.770656
1.6734
-1.43792
0.906889
-0.942082
1.45246
-1.51662
1.14588
-1.63051
0.923612
-1.04508
-1.32561
0.359881
-0.543601
-1.93375
-0.30283
-1.01653
0.43413
-1.37475
0.614053
0.232921
-0.431993
-0.340094
-0.272309
0.130203
0.0129538
-1.08537
2.51174
2.65004
0.161228
-0.367298
-0.839359
-0.732176
-1.93693
-1.81379
-2.19634
-0.580124
-0.416176
1.66656
-0.28518
-0.495107
1.99578
-0.623865
-1.32641
-1.91337
0.43307
1.31312
-0.569232
-0.724221
1.24758
1.12511
0.809084
-0.24789
1.38806
-0.442984
-0.341001
-1.60585
0.289617
0.780268
-0.310465
-0.230047
1.19728
-0.896594
1.76153
-0.663224
2.03007
0.294032
1.11313
-1.20249
1.20196
0.794649
0.703698
-0.293161
-0.429318
-0.289734
0.600286
-0.237354
1.11365
-0.0527535
-0.777202
-0.0717469
-0.643563
0.375015
0.666096
0.00486006
-2.1678
-0.937411
1.77176
-0.835444
-1.34153
-0.737514
-0.509556
0.677966
-0.154732
2.08616
1.1912
1.02741
-1.59813
1.14324
-0.328889
0.514215
1.01414
-1.80852
0.274389
-1.2457
-0.934303
-1.51115
-0.840804
-0.527761
0.432775
0.512294
-1.85821
0.350356
0.296074
0.105226
-0.727668
0.310096
1.06041
0.476068
-1.14462
-0.322355
1.05275
0.00411832
1.04191
-0.636831
0.103936
1.4298
1.62845
1.03052
0.00752375
-0.806109
0.727523
-0.447252
-1.18546
-0.809298
-0.489408
0.121654
-1.65037
-0.493422
0.648967
-0.967053
-1.20776
0.0935615
0.257609
0.356346
0.783463
-0.490964
0.355819
-0.723698
1.74599
-0.713402
1.14162
0.506665
-1.08164
-1.15932
0.412964
1.29497
0.478219
1.36846
0.119471
-0.793099
1.05532
-1.33903
0.508655
0.823242
0.0317371
-1.16592
-1.03123
1.50376
0.185894
0.42118
0.723464
-0.0864674
-1.26953
-0.0600742
1.89233
0.70988
-0.446383
-0.0417019
0.407508
-1.17637
-0.523891
-0.758061
0.219887
-0.0574357
2.16908
0.723866
-0.0410034
-0.291597
1.0358
0.77105
-1.23304
-0.0257326
1.90458
-0.232938
-0.816119
-0.510455
-1.97256
1.1092
-0.612624
-2.36092
0.883567
-1.11845
0.960026
0.519577
-0.695036
0.590378
-0.583342
1.18323
-0.476125
-1.57922
-0.440403
-0.818353
0.538476
0.823544
0.010166
-0.654547
1.52452
-0.106144
0.719675
0.10168
-0.27126
0.449132
-0.76835
-0.998156
-1.25777
1.93302
-0.030086
2.96186
-0.899795
0.790344
-1.11428
-0.558549
-0.0562921
1.07634
1.76476
-0.0403634
-0.540728
-0.508194
0.230895
2.11308
1.7666
0.164563
-0.565402
1.50765
0.603248
-0.331748
1.27774
-0.527298
0.106904
-0.97312
-0.355895
-0.118811
0.835324
-0.19222
-0.717106
1.26009
-0.425924
-0.0707107
1.49879
-1.32146
-1.20478
0.835943
-0.0190025
0.170874
0.0012665
-0.160755
-0.199877
-0.195339
-0.334917
-0.637672
-0.343701
-1.4552
0.218183
0.521886
-0.379158
2.20167
0.785217
0.686804
-0.138093
-0.487288
0.0808072
-0.262199
0.10186
-0.283219
-0.800328
-1.83469
-1.38195
-0.481398
-0.493722
-1.11449
1.39398
0.509149
0.700801
-0.723493
-3.30923
-0.525952
0.0920994
-0.471515
-0.285333
0.167156
1.73267
0.609629
1.37169
0.852386
1.53103
-0.238897
-1.0974
-0.966575
-0.732224
0.513053
0.942724
1.38319
0.52026
-0.97205
-0.556793
0.050643
-1.58766
1.65505
-0.153035
-1.0062
1.11469
-0.121957
0.704081
0.131749
0.831889
-1.29309
1.2037
-0.247298
0.706818
1.03029
-1.31435
1.35649
-1.99833
0.355522
0.641086
-0.806161
1.64955
0.398305
0.686408
0.466243
1.10339
0.406433
-0.562546
0.971632
-0.131056
1.38197
-0.244157
0.0304768
0.417774
1.24791
-1.29438
-1.5815
0.111151
-0.571293
-0.372423
-1.00043
1.03299
-0.60688
3.10465
-0.263599
1.3631
0.867103
0.0535125
-0.942964
0.413607
-0.498321
0.462664
-0.770378
0.443764
-2.64166
0.596248
-2.03829
0.125326
2.23492
-1.00186
-0.741181
0.505612
-0.729426
0.19598
-0.00600968
0.394356
0.114049
0.14935
0.066821
0.501245
-1.3161
-1.44143
0.614017
1.22973
-0.883029
-0.147543
0.789539
0.379943
1.22399
0.46834
-0.772367
0.808518
0.706861
-0.689848
0.693601
-0.638169
-0.241923
0.970772
0.489801
1.23385
-1.7969
-1.12003
1.56148
0.0204967
-1.27569
-1.51461
-1.04857
0.761184
-0.41498
0.200078
-0.0356124
-0.750937
1.00539
-1.30939
-0.0435256
0.593404
-0.597813
0.135665
0.672705
-0.31265
1.11478
0.590665
0.124016
-1.97707
-1.69889
-0.0191569
-0.656779
-0.157832
0.404598
0.784353
1.05485
-0.705149
-0.308432
0.960616
-1.42741
1.63803
0.0311269
0.00872298
0.0438469
-0.375072
1.2944
0.263593
2.09864
0.529193
1.81109
1.04921
1.33829
0.167723
0.47912
-1.77498
-0.364151
0.546354
-0.719294
0.027663
-0.221864
0.274955
-0.166749
-1.8634
-1.31094
0.337832
-1.06706
1.21373
1.21973
0.400521
-0.389586
0.425063
-0.0787647
0.521317
2.03827
0.918001
0.323111
-0.635918
0.0330874
-1.58286
-0.33561
-0.133823
-1.40201
-0.171223
-0.563092
-0.973994
1.58212
0.761262
-0.0614061
-2.33767
0.807088
0.919005
-0.909259
1.10642
0.110299
-1.92833
-0.362943
-0.781987
0.540485
-0.165574
-0.961347
1.34543
-1.0765
0.594292
-0.82522
1.11432
0.453263
0.258036
-0.223801
-0.328366
-1.53189
1.74092
-1.01974
0.424239
0.218222
-0.192738
-0.582835
-1.61947
1.19394
-0.636508
0.159045
0.0560524
1.33462
-1.35156
-0.498615
-0.282924
1.17691
0.640924
0.98241
0.210556
0.608266
1.19489
0.0376086
-1.51151
-0.104432
0.0716018
2.28801
-1.31279
-1.0026
-0.932893
-0.91298
-0.148592
-0.892076
0.34814
0.949459
0.326142
1.75059
-0.679982
-0.113583
-0.311571
-1.59477
0.491775
0.266458
-0.202921
0.552592
0.594205
-1.10533
-0.880442
0.0520093
0.617074
0.590752
-1.29991
0.908877
-0.134577
3.06896
1.06541
-0.322938
-0.460719
0.163508
-1.21121
0.781155
1.53086
1.86829
1.7477
-0.425141
-0.00398203
-0.615162
1.2993
0.503037
-0.377123
-1.14223
1.45405
-0.552183
-1.1342
0.463071
0.633795
-0.0552438
-1.13738
0.195859
0.80934
0.00136278
0.480035
0.744307
0.344602
0.0834063
0.470929
0.982534
0.0681814
0.925118
0.846166
0.525125
0.133382
-0.489876
1.18585
1.12296
0.454897
-0.45795
-0.256351
-1.39169
1.75843
1.68012
0.0662145
-0.280464
1.93034
-1.18295
0.981684
0.83162
-0.142855
1.58766
-0.664431
-0.241826
-0.837658
-1.23461
0.776489
0.0198122
-1.53151
1.56618
0.826512
-0.385557
0.6867
-1.32289
-0.894891
-1.31399
-0.364401
1.27229
0.117163
1.05565
-0.441378
-0.260849
0.216202
1.22032
1.35241
0.336792
-0.858825
-0.606525
-0.0984175
-0.695614
0.800983
0.139226
0.0950277
-0.0120711
-0.654503
-0.724461
-0.162105
0.071112
-0.406009
-0.557374
-0.308577
-1.01049
0.187921
0.722463
-0.375527
-0.614894
-2.01119
0.536063
-1.80436
0.727031
0.790759
0.741789
0.546641
-0.516197
1.43046
-0.363258
0.300543
0.925221
0.679105
0.541188
-1.47297
0.292728
0.358707
-1.61599
-0.58494
-1.48912
1.1126
-1.3375
-1.63727
-0.18088
0.158967
1.68396
-0.533284
0.862912
-0.131551
-1.56966
0.424514
-0.244201
-1.52049
0.0434636
-0.430433
-0.295284
-1.73275
0.129377
1.89913
1.22325
-1.25886
-0.430908
0.661075
-1.28162
-0.528988
1.30902
-0.330385
-2.30823
0.284261
-0.700769
-0.282816
0.315043
0.167507
-0.0210207
1.17866
-1.21487
0.305509
0.632658
1.79269
0.505792
-0.460523
-0.819889
-2.01067
-0.346299
0.924698
0.386292
0.927137
0.583575
-0.00155536
0.142856
-0.50017
2.22002
0.507393
0.582977
1.32804
0.0919971
0.565143
1.32494
-0.929547
0.217539
0.96162
-0.29278
1.07429
-2.65675
0.492047
0.0514743
1.02702
-0.112836
-0.828644
0.928932
2.2833
-1.20292
0.680216
-0.30191
-0.493004
0.159618
0.573334
0.157157
-1.69359
2.24241
0.550026
-1.25933
-1.12238
-0.523111
-1.02243
0.203248
0.502273
0.939287
1.69029
-0.51403
-1.05408
0.0927929
0.750399
-0.334584
-1.07069
-0.521017
-0.377532
0.181034
-0.43805
2.1721
-0.27122
0.448863
0.115743
-1.80902
-1.93443
-0.101253
0.155008
-0.9143
-0.548898
-1.62572
-0.505331
-0.499155
-0.195959
0.590003
2.35334
1.87968
0.014875
-0.230315
-1.25473
0.241964
1.03199
1.25729
0.327194
1.30551
1.05686
-0.816716
-1.52547
-0.935986
1.08819
1.41083
-3.01803
-0.234109
0.29355
0.0742701
0.465759
1.00861
0.0196186
-0.394106
2.28453
-1.52941
1.07037
0.326303
-0.581333
0.916413
0.272404
-1.22308
1.3085
0.487084
0.472566
0.243379
0.160549
-2.08005
1.02293
0.37294
-1.39225
-1.08748
-0.737053
0.135756
-0.58435
1.60604
-0.632436
-0.444086
-0.411568
0.206646
-0.945359
1.07976
-0.505043
1.42232
1.11178
-1.0349
2.04962
1.12849
0.0504099
0.384915
0.233751
0.944156
-0.106567
1.58988
1.20038
1.3926
0.517065
-1.46474
-0.945832
-0.190337
1.6285
-0.705592
-0.0787562
-0.859432
-2.71239
1.21657
0.516478
-0.972328
0.0356908
0.405951
1.14916
1.04021
-0.667845
-0.860723
-0.657319
0.416701
0.165719
-0.91341
0.0436417
1.44035
1.27448
1.36115
-1.25738
1.63265
-1.06741
1.03325
1.79362
0.339435
0.281649
-0.678852
0.00152693
-1.15122
0.774813
0.547285
-1.40802
1.59562
0.0541944
2.50499
-0.119756
1.02149
0.568144
1.18112
-1.45651
0.768646
0.548213
-0.664812
0.138327
0.458017
1.16324
0.824282
0.0743531
0.61481
0.175611
-0.827407
-0.234927
-0.796368
0.296948
-0.177383
0.219372
0.331578
-0.281378
-1.0357
1.9911
-0.231078
1.164
0.392241
-0.800823
-0.805971
0.668099
0.561715
0.176503
-0.0469617
1.35338
0.233499
-0.382525
-0.869517
-1.3241
0.885966
-1.4553
-0.626099
-0.0421288
0.256038
2.1494
-1.96255
-1.60259
-0.797015
1.14043
0.29656
-1.13519
-0.704892
0.130069
1.54309
-0.168602
0.00763646
-0.460419
0.367798
0.458914
0.466634
0.500239
-0.61376
0.502346
-0.0815533
1.03279
0.80902
0.49569
-0.476629
-2.03679
-0.856259
0.651265
1.6599
-0.542445
0.414411
0.624217
-0.985792
1.52516
0.0267423
0.463435
1.55265
1.58044
-0.193509
0.216358
-0.781826
0.934663
-0.133541
0.131788
0.0431815
0.460229
-0.812411
0.479901
-0.606883
-0.326754
-1.34666
0.579027
-1.72993
0.969092
-0.898982
0.532604
0.468091
0.211506
2.73184
0.61575
0.561053
0.310417
-0.588101
0.793954
0.12567
-1.00181
0.42281
0.0397595
0.323764
-0.0546684
-1.1044
0.0561924
-1.78976
0.407959
0.788532
0.570166
-0.12062
0.8794
-1.59115
-0.921505
-1.55129
0.716994
-0.0250582
0.299609
1.16994
0.745938
-0.112629
0.492005
1.66525
0.460606
0.0968276
-0.109029
0.283479
2.00268
-1.02515
0.355459
1.33588
-0.199198
0.195208
-0.839743
-1.26924
-0.89368
2.14603
2.29658
-1.46002
-1.18822
-1.3995
0.741867
1.2403
-0.751091
-0.0146008
0.0158941
0.607165
-0.705608
0.199583
-0.408951
0.629429
0.429277
0.63173
0.630426
0.446399
-0.939253
0.743019
1.15241
-0.246082
0.846222
0.0640496
-0.816341
-0.446257
-0.842024
0.405025
-0.168977
2.69246
0.641778
-0.227673
-1.6028
1.15498
0.842875
0.748679
1.50495
1.08808
0.0163703
-0.319907
-1.11271
0.796146
-0.475313
-1.4983
0.183001
-0.281886
-0.373704
0.320194
0.288122
0.265292
-0.218246
0.941702
-0.314067
-1.44979
1.02602
0.80185
-0.398225
-0.962078
-1.68472
-1.2408
-0.451768
-0.151825
1.27806
0.428433
0.0269372
-1.14002
1.35874
0.079557
0.751739
0.00393488
0.0187998
-0.602774
0.581747
-0.192354
-0.194322
0.212824
-1.4589
-1.8311
-0.72724
-0.522553
-0.140893
0.43319
0.823259
0.566357
0.532183
0.0517782
0.766655
-0.00060296
-0.419211
0.214996
-0.936034
-1.79934
-1.31392
0.106457
-0.713198
-2.38655
1.16431
-1.06155
-1.35222
-1.08728
-0.609941
-1.56812
-1.42955
1.57139
-0.539523
-0.118111
-1.04967
1.42792
-0.242405
0.182842
-0.309526
0.841422
-1.30749
-0.014494
-0.0534768
0.105291
-1.4606
0.269076
1.49006
0.143062
-1.32035
0.0285374
0.590081
-0.320129
0.332763
0.371833
-1.98444
0.00602447
0.225672
0.0220438
-0.540343
-1.01786
1.02412
0.176862
1.10508
-2.07484
-0.0605771
-0.855791
0.353265
-0.838242
-0.228878
0.448572
0.93825
-0.429935
1.68303
-0.44346
-1.43574
1.27191
-0.533875
-0.342288
0.86478
0.500756
-0.478598
-0.345526
-0.343046
-0.452124
-0.647461
-0.654527
1.54808
-0.11114
-0.866283
0.972422
0.268514
0.284101
0.657219
0.00393752
1.17412
0.713952
0.645544
1.1935
-0.85413
-1.0117
-0.272774
-0.0151367
0.943115
1.54702
-0.604606
0.540951
0.813484
-0.195828
-0.0776789
-0.881512
0.536447
-1.30418
0.482814
1.79818
-0.865008
-0.560915
-0.911493
0.858864
-0.115641
2.41919
-1.25694
0.744637
0.59889
1.1982
-2.46546
-0.427388
1.30389
1.18159
1.20586
-1.22938
-1.17395
0.942031
1.05873
0.095008
0.555771
1.05346
0.238885
-0.35588
-0.388998
-0.298901
2.96639
0.8456
-0.693817
-0.440372
1.49195
0.195635
-1.18622
1.82961
0.32633
-0.750849
-1.71161
0.652819
0.280174
-0.0704795
-0.63329
-0.448313
-0.838693
0.761176
0.0728904
-0.365553
-0.479869
1.56599
0.659209
2.09307
0.54418
-1.4607
-1.83698
-0.370355
0.789037
-1.79857
-0.592566
1.58033
0.291181
-0.199101
-0.991933
1.67929
-0.236428
0.310928
-0.569207
-0.125033
-0.046904
-0.293281
-0.266651
0.078388
-0.122496
-1.75449
-0.623357
-2.43545
0.957562
2.19854
1.41707
-0.912399
-0.373145
1.44537
0.765497
-1.69263
-1.09671
-0.463572
-0.928635
0.703983
0.709377
0.4174
-1.47394
-0.26725
-1.28184
-0.121799
0.4405
1.04085
1.11926
0.440235
-2.08415
0.514143
-0.691768
0.676572
0.446944
-0.139964
0.553748
0.0598329
0.294689
2.38538
1.38201
-1.23485
1.00232
0.425575
0.0687868
-1.05117
0.154375
-0.70506
-0.861875
-1.90702
0.626323
0.781078
1.66655
-1.27582
0.683875
0.965935
0.238279
1.59108
-1.29374
-0.40456
-0.586103
-0.232795
-2.4682
0.89779
-1.48652
0.602554
0.437796
0.104122
-0.501056
0.530775
-0.261465
-1.48484
-0.332433
0.473766
-1.05205
0.265077
-0.159253
0.326994
-0.0588527
-1.09111
-0.166069
1.08432
1.29225
-0.155917
0.45594
-0.236237
0.825927
0.607303
-0.335146
-0.360371
0.927235
0.194207
0.874264
0.672103
0.566574
-0.515421
-0.41041
1.50047
-2.25997
2.7514
0.0893432
-1.29286
1.03635
0.403992
-0.608408
-0.73209
-1.60245
0.453422
-0.431807
-0.467324
0.265467
-0.583417
0.354
-0.744991
1.3204
0.670462
-0.572956
-0.305385
-0.677591
-0.394234
-0.167442
0.732165
-0.40084
-0.921644
0.337116
-1.09094
0.187651
1.48171
1.23364
-0.377629
-0.261477
1.28835
-1.4875
-0.162257
0.623958
-0.368889
-0.118114
0.272402
-0.843229
0.439304
0.267198
0.568809
-0.0429087
0.295425
0.219347
1.17112
0.015844
1.81158
-1.44346
-0.326712
0.474073
0.610932
0.143308
1.72123
0.490755
1.34029
0.369544
1.06023
-2.22611
0.317247
0.740371
0.380269
0.63793
-0.553333
-0.152405
1.1424
-0.751019
0.597855
-0.829611
0.204065
0.388361
-0.199642
-1.28265
1.27458
0.140602
-1.79578
1.22042
1.51023
-1.00357
-1.01202
-0.566918
1.0256
0.730231
-0.293193
-1.09071
0.267578
-0.467812
-0.4539
-1.25469
1.41977
-0.407733
0.897872
-0.593671
1.04835
-0.0337197
-0.194534
-0.640565
-0.396456
0.651652
1.30605
1.1749
0.433871
-3.153
-0.932602
-0.663089
-1.95088
1.09836
-1.21649
-1.79354
1.10106
2.00608
-1.51766
0.866366
-0.056704
0.664001
1.56059
-1.45065
0.258157
2.09323
-1.64159
0.692333
-0.0329706
0.434531
0.100961
0.489473
-0.135842
-0.218483
-0.747176
0.773672
-1.67401
-0.512373
2.02539
-0.714141
0.0896912
0.484152
-0.665324
-0.0960494
-0.693556
-0.489659
0.110422
-0.2319
-1.73689
0.545199
-0.805587
-1.6159
0.54167
0.0423583
-0.156715
0.717828
-0.639255
-0.909231
0.0119515
-0.505617
0.389578
1.39942
0.788592
1.46237
0.181219
-1.60855
-0.357645
-0.557563
-0.926762
-0.993955
-0.216191
-1.21997
1.29391
-0.130539
-0.132795
0.425503
1.71828
-0.870607
0.0040194
0.453266
0.069216
2.15871
0.420025
-0.0848404
-2.24319
-1.33521
-1.14604
0.0641173
-0.0633698
0.841568
0.661022
-0.820172
-0.236994
0.722106
-0.585436
-0.154233
1.4572
1.0232
0.666145
-0.233993
1.07444
0.654654
0.0339972
-0.353175
-1.05322
-0.213044
0.188303
-0.167655
-0.0748957
-0.673208
-0.928761
-1.69109
0.633843
-0.0522242
0.324711
0.814378
-0.239184
0.683787
-1.63546
1.90719
1.57098
0.0613151
-0.78463
0.104938
1.4918
1.65381
-0.431899
0.919559
0.27468
-0.839268
0.558482
0.0523606
-1.59862
-1.07735
0.184686
-0.00803204
0.831644
-0.176044
-0.440124
0.146702
0.824232
2.1802
0.168079
-0.593026
0.397627
0.21326
-0.49295
-0.0249646
-0.235683
0.642638
-0.970622
-0.330086
0.871988
0.33981
-1.19317
-0.602457
-1.43514
0.593162
-0.678691
1.22336
2.28772
2.5604
-1.39425
0.488953
-0.626272
-0.29527
1.20657
-0.0406775
0.0971837
0.95874
0.330397
0.360474
-0.00130197
-0.0228724
0.362941
-1.51976
0.792368
-0.605387
-0.134294
2.24037
0.515292
0.735894
0.251224
-1.26204
-0.176782
1.80783
-0.83879
0.927187
-1.77584
-0.67094
-2.21082
-1.69045
-0.920819
-0.306984
-1.26515
0.362297
-1.83781
-0.790983
-1.10801
0.249911
0.191308
-0.28154
1.10594
-2.57696
0.556771
-0.953051
-0.353426
1.35398
2.8175
-0.295892
-0.770088
-0.614875
0.469308
-0.329676
-1.47677
-0.548464
-1.35932
-0.368826
-0.799875
-0.736965
1.18839
-0.33207
0.334106
1.15273
-1.15576
-0.410594
1.47837
0.468871
0.48331
0.467909
1.05974
-0.976028
-0.219079
-1.09648
-1.06436
-0.525112
0.262482
-0.00859183
1.06483
-1.09519
-1.29156
1.24757
1.83311
2.05868
1.41752
0.192999
0.942583
-0.560047
-0.28862
-0.421808
-0.202472
-0.300307
1.25137
-1.58844
-0.773111
1.5578
-0.336742
0.318744
-1.25289
-1.05326
-0.431572
0.612565
-0.378034
0.575741
-0.869965
-0.239896
-0.472913
0.261025
0.62776
-0.192832
-1.36952
0.290513
-0.145697
0.19342
-2.4284
-1.20724
0.885627
-1.01817
0.269808
-0.0856039
0.682067
-0.752504
-0.38076
1.18244
-0.833145
1.35776
1.26633
0.40235
-0.119016
-0.489105
1.07922
0.180907
-0.723026
-0.181211
-0.181118
0.806006
1.16356
0.216573
-0.0086655
0.329983
-1.29223
1.09623
-2.89839
-1.69762
0.213287
1.24456
-0.138524
-0.0889942
0.646744
0.192285
0.916534
-0.51955
0.264996
-0.513461
0.0142501
-0.657899
1.08653
-0.0535688
0.804469
1.12042
0.307463
-0.650269
-0.334412
-0.416897
0.605443
-0.562767
0.923905
2.10848
0.891759
-0.399196
1.03372
0.756532
2.18986
2.11024
-0.704176
0.274284
-0.442468
-0.148512
1.50844
-0.579897
0.0866569
1.17238
0.00176935
-1.43856
1.34835
-0.65082
-1.86294
-1.32197
-1.55554
-0.832072
0.199735
-0.137421
-1.11355
0.261879
1.28037
-0.490333
-0.858469
0.211293
0.426878
1.60129
-1.05805
0.546033
-0.220001
-0.426685
-0.403256
-3.14724
0.655954
2.13469
-0.272033
-0.032602
-0.81625
0.164906
1.3871
-0.277015
0.0758203
-0.130038
-0.86795
0.423998
-0.440394
-0.392792
-0.659478
-1.68307
0.368561
-1.13998
1.01772
-0.602827
-1.09227
0.460753
-0.122975
-0.179642
0.501221
0.829664
0.923127
-0.846805
-0.312206
0.275108
0.0330021
-2.24633
0.390934
-0.94972
-2.3738
0.769625
1.72434
0.942001
-0.312648
1.30612
0.582086
0.324381
1.1434
-0.331044
-1.16604
1.38928
0.744008
-0.232091
-0.142423
-2.88339
0.182772
-0.841183
0.578405
-0.581505
0.120202
-1.63123
0.390795
0.981545
-0.768627
-1.84665
1.61074
0.276492
0.397055
-0.666983
-1.01138
-0.429596
-1.32666
0.765382
-1.27512
2.45765
0.623003
0.192048
-1.999
1.54106
0.574014
0.481912
-1.94266
1.09637
-0.228093
0.454499
-0.835229
0.0511628
-1.5983
-0.611087
-1.07905
-0.0261395
0.316595
1.06858
0.0913927
-0.196247
-0.0904411
0.092601
-0.349854
-0.375508
-0.306881
-0.670833
1.65625
1.97264
-1.16742
-0.970702
0.0209339
-0.080781
-1.3833
1.00157
0.971223
-0.337712
0.0548576
0.754461
2.03462
0.596813
0.0851574
0.352517
0.208328
0.995493
-1.54215
0.345723
-0.868046
0.0642465
1.27048
0.230298
2.41563
-0.0165145
-1.84718
1.06254
0.917185
1.55562
-0.0621217
0.388658
-0.0400334
-1.07514
-1.48347
1.77427
1.99115
0.0717283
1.4711
-0.0572409
0.380531
-1.62398
0.94453
0.852164
0.247006
0.451198
0.572916
0.759827
-0.0436247
0.116133
-0.786944
0.966218
0.681077
2.74628
0.363752
-0.52006
0.513859
0.919567
0.506141
1.5784
-0.795358
0.983826
0.170475
0.19932
-0.684302
-0.488701
0.35833
-0.490147
0.459664
0.612829
-0.369982
0.104938
0.512769
-0.586301
1.20601
-0.103043
-0.786671
-0.0532117
0.365042
-0.164589
0.465618
-1.07811
-0.855428
0.731334
0.493878
0.283546
-1.4547
0.302087
-0.666729
1.5566
-1.65448
-1.7472
1.23155
0.0116029
0.822769
1.03371
1.56157
-0.737865
-0.000504805
-0.276431
0.798148
-0.757732
-0.671918
-0.702275
0.075995
0.79543
0.0483575
1.657
1.43328
-1.66915
-0.251518
-0.17549
-1.24409
-0.361166
-0.17808
-0.652711
-0.561436
-1.86699
-1.36929
-0.457506
-0.579517
-0.53327
1.11144
0.120961
-1.03573
-0.277823
-0.0725069
0.107509
1.08073
-0.752185
0.291959
-0.597822
0.992587
-0.056752
0.907787
-0.443425
0.137983
-1.47466
-0.621571
-0.936365
1.84793
-0.474508
-0.55187
0.437937
-2.16049
-1.3521
-0.162332
0.856566
-0.483487
-0.46661
1.45133
0.662428
2.11675
-0.19062
-0.862235
-1.41558
-0.490408
0.0734538
0.592422
-0.736012
-0.902606
0.778796
0.0168606
-0.372726
0.36377
-1.41804
-1.06566
-0.889358
-0.917788
-0.821294
-1.3354
0.489984
1.38645
0.378276
-0.156496
-0.57988
0.740158
0.488127
-0.540315
1.05121
1.05625
0.791599
0.899901
-1.11582
-0.440417
0.99066
-1.30498
-0.519908
0.461649
-0.247194
-1.61918
0.94711
-0.813046
-1.08609
0.0247742
0.583422
0.564515
0.976665
-0.571067
0.109566
0.265681
-0.276841
0.187378
0.710773
-0.528433
0.372948
0.257447
1.22426
-0.637792
-0.633794
-1.16638
2.92226
-2.22148
-0.431643
-0.837024
0.27616
-1.49582
0.333228
1.50725
0.452195
-1.6821
-0.100261
-0.328411
0.0259669
0.243828
-0.711951
0.569807
1.47081
1.61375
1.42032
1.48112
-0.610508
-0.709759
-0.826746
0.288082
-0.259843
-2.64571
0.671919
-0.437034
-1.09171
-0.535384
0.503605
-0.138452
-0.300568
1.20518
-0.377676
0.0255685
-1.07338
-0.592715
-1.28315
-0.0448297
1.10959
0.29846
-0.466546
-1.11691
2.40935
0.551049
1.49016
0.22066
0.0910419
1.04275
-0.307272
-0.800692
-0.25436
-1.17951
-1.01864
-0.912766
-0.286529
0.501734
-0.0654205
-0.0536287
0.255764
1.19983
0.83335
-0.616077
0.363809
0.510479
-1.04258
-1.56538
0.510777
-0.697482
-0.0575897
0.148351
2.44933
0.106099
-0.597301
0.72174
-0.986389
-1.77737
-1.28466
1.93971
-1.27329
0.101742
-1.78963
-0.294477
-0.375771
-0.272835
0.646906
-0.669291
-1.05344
1.02755
-0.106995
-0.0618402
1.35461
-1.20208
0.403202
0.0606642
-0.945553
1.4982
-0.544674
0.369823
-0.904264
-1.28604
-2.40615
0.844654
0.890447
-0.18128
-0.123254
0.465596
1.65227
1.30736
1.30338
-0.487047
0.111693
-0.85526
0.639888
0.155861
0.512456
-0.98692
0.52989
-0.407356
0.377223
0.349466
0.169735
-1.0161
1.30282
0.080549
0.299351
0.436239
0.451322
0.272149
0.977917
-0.040851
0.227186
-0.343082
0.133044
-0.157636
-1.09239
0.697363
-0.279167
-1.4908
-0.788296
-0.663653
1.26815
-0.290359
-0.439468
1.0618
1.95994
-0.00511948
-0.993926
0.25026
-0.117118
-0.52651
0.721886
-0.718522
0.429298
-2.90664
0.452498
-0.24273
-1.84678
0.463361
0.964714
-0.286782
1.65141
-0.540465
1.10304
-0.70888
0.666897
0.210541
1.2389
1.18443
-0.687486
0.672927
-0.392805
-0.973073
-0.36724
0.63637
0.246192
0.301942
-1.18685
0.0161601
1.15068
0.240336
-0.293989
-0.478809
0.35226
-0.127879
-0.90768
-0.696365
1.83163
-0.11538
-0.422423
-1.01544
0.156009
0.0499356
-0.866052
-0.520412
-0.0352479
-0.606477
0.515489
-0.43131
0.388909
-1.84726
-1.301
0.851152
-2.53743
1.21384
-1.83817
0.239984
1.17316
-1.86195
-0.601669
2.67305
-0.684905
1.18118
-1.87531
0.399036
2.15173
0.604905
-0.0523112
0.389003
0.127842
-0.791549
-0.376555
-1.07218
1.14046
0.58125
1.30823
-0.164693
-1.55201
-0.366683
0.867806
2.47077
1.02842
-0.153467
0.22024
0.0472397
0.852658
0.587587
-0.539104
0.563741
0.447605
0.922932
-2.31379
0.471295
1.55019
-0.0348657
-1.61806
0.926717
0.325656
1.15898
0.862111
0.0804243
0.515773
-0.310907
-0.485006
0.631348
0.0521458
-1.02322
-1.12479
2.07584
1.07247
-0.0720832
-1.20408
-0.804761
1.08538
-2.17692
-0.848339
-0.40905
0.0152691
-1.26412
-0.283275
-0.908045
-0.642183
-0.742901
-0.711433
0.614022
0.755159
-0.0197022
-0.581978
1.03633
0.822531
-1.23416
-0.14414
-0.611312
1.86915
-0.983564
0.199556
-0.163558
1.22748
-0.063325
2.79606
1.06254
0.595174
0.57571
-0.894174
0.396141
0.258843
0.53392
-0.116739
0.5884
-0.361928
1.81738
1.53071
-0.391024
-0.887952
-0.0926139
0.111299
0.502865
0.475451
-0.131642
0.0720303
-0.000926123
0.250147
0.553732
-0.591708
-0.309552
0.262412
1.08319
-1.02791
-0.24891
1.37435
-0.521815
-0.433957
0.366529
0.280652
0.399895
0.582676
-0.027104
-0.214906
0.315222
-0.32116
1.21514
-0.54662
-0.168279
-0.733908
0.365411
1.08347
0.0757124
-0.602285
-1.86604
-0.367493
0.836097
-2.03409
-1.326
0.987239
-0.918865
0.698632
-0.496547
0.753078
-0.5411
-0.0567927
-1.17752
-0.685175
0.34673
-0.239143
-0.211158
1.64561
-0.275118
-0.0946189
0.479508
1.83898
0.648651
0.537351
-1.23853
0.167062
-1.23906
1.02373
-0.372595
-1.32372
-2.45409
-0.841173
1.1432
1.13484
1.28123
1.25687
1.19543
-0.375935
0.793093
0.00498145
-0.41251
1.65792
0.627327
-1.58312
1.11657
1.09434
-1.21924
0.668352
0.735477
0.648333
-0.552985
0.0962447
0.77907
0.48308
-1.31694
-0.155678
0.324576
-0.878255
-0.678007
-0.941815
-0.273186
0.899981
-0.00414329
-0.146651
-1.19322
-0.0301695
0.0833835
-0.956399
-1.21974
-0.844428
0.973113
-0.636178
-1.29812
0.770329
-1.05431
-0.286463
-0.250775
0.377843
0.0145135
-1.07464
0.410448
0.794816
0.738393
-0.467719
-0.0404506
1.0335
0.732222
0.425363
-0.113571
-1.83617
0.66426
-1.01591
-0.934447
-0.318541
1.3898
1.97149
-0.323891
-2.47084
0.85572
-1.13498
-1.88131
-0.977543
-1.16091
-1.27432
-0.732485
-1.56683
0.676844
-0.177426
-1.51162
0.763842
1.17421
-0.445424
-0.543946
0.317404
1.23922
0.831776
1.61255
0.97376
0.315978
-0.203966
-0.11869
-0.812307
-0.573765
1.12171
0.32703
-0.777062
-0.189762
-0.790672
-0.400527
-0.467442
-0.18577
0.00095948
-0.656015
1.23738
-0.463436
0.437007
-0.413885
-0.0681499
1.6704
-1.03862
-1.16141
-0.745459
0.312245
-0.169043
1.55703
-0.407814
1.24835
-0.618345
0.779954
-0.531028
0.116292
2.12921
0.201434
0.260837
1.70686
1.24016
-0.669742
0.691779
-1.02093
-0.47788
-0.292305
1.93707
0.917199
-0.765358
0.385872
0.829525
-0.301796
0.81623
-0.849809
-0.291913
0.606152
-0.288952
-0.629169
-0.557255
-0.899444
1.19904
0.759602
0.308174
0.741591
-1.23708
0.508078
-0.848711
1.97986
0.7023
0.371305
0.999975
-0.161053
0.641273
1.45071
1.03635
-0.610871
-0.588355
-1.18318
0.76994
-0.498821
-0.0777637
1.32172
-0.199513
-1.23635
0.93951
0.394343
-0.231782
-0.703852
-0.715389
-0.283295
-0.221631
-0.235541
2.15628
-1.75241
-0.785364
0.579549
0.339588
-0.263266
0.319573
0.585085
1.01471
0.41911
-0.0160495
0.707335
-0.466898
1.18223
1.57821
-0.874238
0.837553
-0.902937
-0.336985
-1.63755
0.0177316
1.17355
0.809253
-1.12576
1.29768
-0.271895
-1.35384
0.752697
0.582867
-0.686557
0.210099
-0.994279
0.246615
-1.20799
-1.2722
-0.763492
-0.0269166
-0.974062
0.330441
-0.0650671
0.167755
-1.90399
0.220299
-0.416213
0.581852
0.510836
0.782741
-2.35333
-0.494405
0.796496
0.665295
0.402038
0.578095
-0.329642
-1.84242
-0.100074
0.174365
0.30858
-1.52159
1.10051
-0.586059
-1.56743
1.03616
1.25243
-0.0975399
0.155134
-0.832496
-0.564026
0.781716
3.17308
-0.795368
-1.83836
0.0542489
-0.622641
0.514977
0.0421874
1.21561
0.178114
-0.376768
1.34745
0.209666
0.685887
1.28809
-0.363038
-0.383586
1.30682
-0.946942
0.908744
0.312784
0.0139169
-1.76026
-0.971207
1.04157
0.813231
-0.459882
-0.0963232
2.19727
0.399691
-0.670722
-0.302408
-0.8709
-0.143642
0.167743
-0.254594
0.55533
0.826996
0.2465
-0.513523
0.372081
-0.346799
-0.595477
-2.3973
1.97354
-0.374375
-2.80294
0.342985
-0.164887
0.490231
0.243013
2.40816
-1.61927
-0.35993
2.40932
0.293371
-0.823222
-0.478525
-0.614473
-0.270977
-1.08491
1.78637
-0.115124
2.03559
0.5644
-0.0211267
0.687406
-1.78478
-1.08475
-0.44269
-1.16006
-1.21511
0.308987
-0.522219
-0.646782
2.04699
0.729473
0.99119
-0.412267
1.18269
0.95315
-0.695717
1.02432
-0.778283
-0.524395
0.176667
0.556689
0.806636
-1.80306
0.418635
-0.447605
-0.741468
0.656294
0.509461
0.213697
0.618049
0.593743
-1.528
1.99359
-0.0499405
1.27545
-1.31854
-0.30098
-0.0925812
-1.14685
1.01558
0.419789
-0.115609
-0.294403
-0.773131
0.675582
0.765173
-1.36628
-1.69501
0.421434
0.693024
-0.0133781
-0.904218
-2.49831
0.00670332
-1.29424
1.2816
0.732358
2.56211
-1.43805
-0.130771
0.757975
-0.133265
0.609968
0.412114
-1.7803
0.668398
-0.192392
0.0475433
-0.220048
-0.25005
1.48616
-1.22688
-0.619597
0.361454
-1.03115
1.88651
1.72909
1.77032
-0.994407
-0.730509
1.21732
-1.79681
0.689041
-0.551438
0.243877
-1.94668
2.17493
-0.487121
1.24831
0.414291
0.10968
0.0996456
-1.54463
-0.403979
0.321478
-0.736549
-1.30379
0.938203
-1.13716
-0.84714
-0.985105
-1.61245
0.212134
1.18372
1.3669
1.43345
-0.0598701
-0.171127
0.101675
1.55561
-0.422732
0.295931
1.23574
-2.52354
0.625129
1.6732
-0.228561
2.45571
-0.103919
-0.191623
0.154526
-0.687525
-0.253809
0.758368
1.68511
-0.200587
-0.0504072
0.781128
0.961983
-0.214015
-1.5875
-0.276143
0.237887
0.205419
0.580159
0.427591
-1.51568
-0.914954
-0.5616
1.25542
0.0786505
1.12231
0.217566
0.415217
-0.795125
-0.0262741
-0.338782
2.48561
0.761359
0.0678422
1.54401
1.4667
1.72259
-0.700761
2.29059
0.497482
0.75937
-0.210926
-0.711418
0.515796
0.200255
0.456448
-0.926977
-1.68229
-0.744708
1.81109
-0.915601
-0.966404
0.284071
-1.4559
-0.424623
2.28627
0.987452
0.216673
-0.286171
-1.67133
-0.812457
0.545855
-1.6367
-0.962754
-0.729679
-1.63162
1.45311
-1.91899
1.46408
0.486212
-2.7922
2.07079
1.4067
1.12933
1.66029
2.43662
-0.458809
1.34574
0.951664
-1.11283
-0.420289
-0.732585
0.985422
-1.12244
0.120743
-1.58534
-0.201573
0.956999
0.622243
-0.420087
-1.68826
-0.94307
0.0930784
-0.194757
0.577312
-0.673957
-1.01299
-0.76415
-0.61859
-1.06508
0.758385
-2.17884
0.261858
0.680622
1.04369
-0.144866
-0.401239
-1.93541
1.37192
0.98618
-0.0112555
0.412663
0.826298
-2.1124
0.236752
-0.308734
0.569963
-0.168192
0.557504
-0.809668
-0.796734
-1.45703
-0.824588
0.72662
-1.45657
1.49832
-0.482349
0.0620852
1.13291
0.361671
-0.787904
2.37356
0.732855
0.851543
0.151055
-1.90893
0.660006
1.25419
-0.167104
-0.333953
-0.179619
-1.34352
1.33414
0.737914
0.296943
1.66299
1.02059
0.476378
-1.27965
0.0218613
-0.60126
-0.0559508
-1.16568
-0.610885
-0.437336
0.933312
0.264005
0.663136
-0.0908467
1.07755
0.906629
-1.16001
0.500242
0.133391
-0.836762
0.974037
-2.18583
0.956985
0.181206
-1.90691
-0.0252172
0.79726
0.692554
-0.519401
-0.766811
0.378988
-0.718512
0.0394969
-0.554369
0.940754
-0.911856
1.04401
-0.162647
-0.282069
-0.39318
-0.809341
0.312393
0.453426
-1.91492
1.72756
0.099362
0.521714
-0.815282
-0.785889
-0.044667
-0.900642
-0.727169
-1.55776
-1.75655
0.252125
-0.265857
1.11195
-2.06177
-0.550834
0.823451
-0.75762
-0.0978995
-0.12384
0.120026
0.643956
-1.19489
-0.851821
-0.0449765
-0.7745
0.553265
-0.944093
-0.0426638
1.07357
0.579766
-0.604142
0.832045
-1.20528
-0.108603
0.285784
-0.640763
0.617796
-0.878455
-1.37442
-0.932468
-0.781543
-0.881472
0.493633
-0.914853
0.869527
1.15672
-0.125724
1.08435
-1.64221
1.00412
-0.854737
-0.510309
0.133985
0.755848
-1.16112
-0.138281
0.521274
-0.375861
-0.119125
0.5652
-1.65385
0.0696198
0.291793
0.643861
0.264784
-0.311131
1.64733
-0.745117
-0.906406
1.1315
0.934683
-1.40758
-0.443225
0.858057
-0.961736
0.661812
-1.25283
-0.785337
1.56812
-0.411356
-1.30457
0.836626
-0.846642
3.24693
-0.630416
1.63089
-1.76075
-0.717855
0.370221
-0.258467
-0.997329
-2.01473
-0.585179
0.779048
0.610509
0.500908
0.27665
-0.271088
0.2411
-0.551784
1.23203
0.897777
0.839643
-0.327839
1.12933
0.933234
1.30875
-0.941136
0.805656
-1.15939
-0.847808
-0.0320469
-1.41249
-0.385014
-0.379165
1.20957
-0.934087
-0.0819583
1.22268
-1.24633
-0.814368
1.35759
0.665417
-0.187924
-0.532341
-0.939948
-0.100381
0.555898
0.709221
-0.753303
0.549151
-1.16992
0.163754
-0.516314
0.306234
-1.55081
1.25413
-0.795566
-0.292527
-1.80745
0.855772
-1.78811
0.445432
0.0796706
-0.503519
-0.64586
0.0514903
-0.561568
-1.47079
-0.84941
-1.22611
-0.187132
-0.496421
1.95678
-0.416137
-0.832457
-1.35871
0.235512
1.55543
-1.3876
0.235554
-0.54212
0.204589
0.373623
-0.572215
-0.826834
1.08177
0.457322
0.690259
-0.518333
0.218934
1.86524
-0.475917
-0.124336
1.18881
-0.502755
-0.833973
-1.29141
-0.0427993
-1.96231
0.769643
0.135345
-0.824498
1.34733
0.519376
-0.276782
-0.400659
0.781161
-2.03077
-1.60549
0.720379
0.593577
1.32516
-3.11888
1.46764
-0.902836
1.22939
-0.304827
0.171748
-1.52393
0.277747
0.492779
-0.534557
-0.264513
0.668121
-1.82039
0.0185209
-0.294203
-0.39875
1.02897
0.623841
-0.0597299
1.3555
1.17449
0.292763
-1.15164
0.619301
-0.570794
-0.174258
0.19921
1.7133
-1.69496
-1.37706
0.827929
0.935436
-0.426152
-0.796235
0.192375
-0.13881
0.012787
0.00765674
0.629358
0.0344849
-0.123797
0.183137
1.91232
-0.61947
0.371732
1.13265
0.0743899
-0.809139
-0.795589
-0.231421
-0.0962133
-0.511064
0.144548
-2.22404
-0.0169536
-0.0772926
2.16617
-0.291424
1.10203
2.04736
-0.192508
-0.30519
-2.39909
-0.422574
-1.36489
-1.49652
-0.718086
-0.271891
0.556242
0.506031
0.954631
-1.23315
1.99716
-0.794322
-0.501903
-1.69235
-0.49495
0.94148
-0.734701
0.68008
0.845351
-0.167097
-0.571741
-0.110586
-0.946009
-0.334934
0.965712
-1.41428
-1.30453
-1.55413
-1.20119
1.37883
1.1117
-0.288725
-0.463278
1.45775
-0.0720361
-0.110279
-1.08031
-0.413058
0.294697
-0.717942
-0.139862
0.741569
0.0658472
1.19137
-0.483304
0.269915
-0.527316
-0.876315
0.237584
0.0527896
-0.948924
0.55732
-0.48093
-0.903916
0.0554964
-0.574819
-1.49283
-1.44542
-0.0147117
-1.48936
-1.01303
-0.481024
-0.578963
0.683806
0.102733
-0.124745
0.0102422
0.141394
0.477874
1.19154
-0.1975
-1.69783
-0.841115
-0.380333
-0.931827
-1.00281
-0.78064
1.22101
0.30973
0.0945412
0.703572
0.384622
0.283447
-0.693057
1.41346
-0.189462
-1.2264
1.27964
-1.09176
0.692517
0.519122
-1.10688
2.02071
-0.153103
0.430542
0.793308
0.531345
-0.0458497
-0.238341
-0.296713
-2.90499
1.75264
0.871556
2.18256
-0.258764
0.0422468
-1.76087
-0.454778
-0.194985
-0.303244
0.17931
-0.155669
-0.901143
-0.263269
-0.43051
-1.85377
-1.48102
0.208579
-0.56235
0.46056
0.0347345
0.42546
-0.986532
-0.534293
0.337534
-0.298045
0.0716274
1.05159
-1.86092
-0.514394
-0.28378
0.229162
-0.927941
-0.358763
-1.65966
-1.0006
-1.09093
-0.98987
0.514704
1.32647
2.15952
0.0691648
0.894336
-1.08677
-1.26685
-0.853485
0.609362
0.530508
-0.770067
-0.112716
0.884637
1.23197
-0.533581
-1.81058
1.21602
0.886093
-0.918863
0.97657
0.784499
0.713099
1.10674
-0.882195
0.220384
-0.832673
-2.32936
0.914045
-0.113852
0.555993
0.924938
0.144731
-0.33033
-0.950261
-0.911967
1.46036
0.555559
0.66534
-0.351393
-0.405755
0.591239
-1.09576
0.046331
0.58743
-0.425748
0.652182
0.128956
0.354959
1.39075
-0.887382
-0.239085
-2.76002
1.46149
-0.289183
-0.380152
-0.709347
-1.4947
-1.1155
2.34512
-1.01655
-0.48252
0.969727
0.518264
-0.00233281
1.73299
0.475721
1.1655
0.00953871
1.90541
-0.287947
2.07798
-0.830969
1.34613
0.132612
0.147633
-0.810893
1.16535
-1.90228
-0.791072
1.03099
0.158746
-1.69739
-0.256628
-0.315375
0.450012
0.306983
-0.628044
0.344747
0.772015
-1.59086
0.0861669
-0.685162
0.0734105
-0.706529
-0.0981094
-0.00515193
0.970925
-0.634964
0.837773
0.510149
0.395822
0.414165
1.53464
-0.315912
0.923833
-0.220972
-0.860206
0.854455
-1.10753
-1.03229
-0.635576
0.42708
-0.47879
-2.17267
-1.72066
-0.0604975
0.830347
-0.636521
1.91869
0.508254
-0.404118
0.541711
0.517185
-0.0274035
-0.424814
-0.176363
-1.77326
0.463435
1.99282
-0.439195
-0.2114
0.406083
-1.72579
-0.944476
-0.0668674
-0.846683
0.217829
1.05178
1.36121
-1.91325
0.310222
-0.475479
1.37003
-1.29515
-0.269311
-0.428548
1.14796
0.991174
-1.34706
-0.938274
1.68412
1.34062
0.22035
-1.22175
0.0676395
-0.426847
0.127059
0.137069
0.722911
-0.66641
0.290874
-1.45323
-0.879178
0.0939632
-0.154864
0.634358
1.34588
-0.83597
-0.432233
-0.923677
-0.175754
0.736571
-0.417856
-0.435552
0.191264
-1.85556
-0.262675
-0.519151
1.29994
-0.906878
-0.382052
0.0986162
-0.776125
-1.84517
0.313629
0.0823737
0.722418
0.081473
0.360557
-0.664114
-0.79165
0.212246
-2.22547
0.483686
0.881258
1.70016
0.942012
-1.61775
0.681142
1.41813
-0.188383
-0.850453
0.304062
1.09501
0.500549
-0.224049
-0.814627
0.476785
-0.263342
-0.254119
-0.688596
0.674641
0.883544
0.608439
-1.55569
-0.219068
0.566
-1.37574
0.333464
0.290174
-0.90136
0.162033
0.890596
-1.36532
0.968906
-1.19493
-0.822542
-0.623871
-1.61903
1.32836
-0.835791
-0.609919
1.78384
0.00754886
0.33339
0.0371905
-0.0596847
1.17188
-0.913965
-0.178326
1.16573
-1.22858
-1.85711
-1.00573
0.457225
0.0868169
-0.266145
-1.42261
-1.49694
0.0444364
-0.266179
1.33862
0.786911
0.170187
1.02496
-1.06562
-0.632159
-0.708923
0.335754
0.812892
1.58346
0.995518
-2.32454
-0.616766
0.0689732
-0.132541
-1.16809
0.319847
-0.133301
-2.63004
0.744846
1.38421
1.59021
0.137249
-0.539854
-1.67827
-0.0323913
-1.36963
0.663862
-2.17494
0.318407
0.19836
-0.938694
-0.906076
0.143271
0.232209
-1.29123
1.1978
1.54143
-0.0123461
-0.348404
-0.117971
-1.19011
-0.588175
1.47616
1.26445
0.212087
-0.578041
0.170511
-0.8139
1.2955
-0.711516
1.38342
0.444271
0.85949
-0.857666
0.574716
1.20674
0.615347
0.0431018
0.063881
1.74187
-0.466698
2.57288
0.878608
-0.595535
-2.25907
-1.57591
-0.304159
1.20727
0.0110148
-0.353102
-0.645734
-0.580644
-0.715107
-1.43028
1.46703
1.79745
-0.893527
-0.376826
-0.197727
-0.137343
0.558786
1.67703
-1.48764
-0.692121
-0.341733
0.0296089
0.938948
-0.253485
-0.0476702
-0.689112
0.884361
-0.0953403
0.715866
-1.47523
-0.225791
-2.63972
0.617492
-0.129975
-0.147144
-1.14833
1.82073
-0.322025
-1.15764
-1.06575
-0.232876
0.552083
0.829686
0.96659
0.85869
0.510892
1.00562
2.14021
0.263594
-0.267842
-1.12332
0.0654094
-0.131531
-0.0925152
-1.20172
-1.28962
-0.546733
1.08558
0.853401
-1.39165
-0.757098
-0.886607
-0.870021
-2.41107
0.715211
0.0086129
0.703015
-0.885997
0.638519
0.574219
-0.0403919
-0.0122895
-0.0336075
-1.10587
0.309023
0.425013
-2.24695
-1.79147
-0.0980662
0.00473196
0.49619
0.901617
-0.984794
0.687484
-0.382556
-0.460467
1.55211
0.492176
1.22279
-1.23963
0.532997
1.06053
0.33669
0.290659
-1.5147
0.443734
1.6615
-0.527581
0.563201
-0.65512
0.376815
1.18182
0.263781
-1.63346
0.651562
0.339122
1.14554
0.738615
-0.402167
-1.10946
-1.14273
-0.299097
-1.58281
1.08139
-0.859502
-3.11113
0.915006
-0.944341
-0.124894
-1.77399
0.159529
1.16111
1.8565
-1.95847
-0.883547
-0.124308
-0.110247
-0.340348
-0.349293
-1.00843
0.464185
-0.405511
0.477044
-0.354922
-0.215645
-0.0990639
-0.431003
1.02155
0.818603
0.280987
-0.560641
-0.259742
0.682043
-0.4132
-0.654621
1.06949
-0.393753
-2.56937
0.533449
-0.110074
1.6204
1.24605
-0.0218524
0.711151
-1.67527
0.975302
1.10762
0.996764
-0.144392
-1.66202
1.31893
0.00748343
-1.65607
1.24748
0.182578
0.79513
-0.0990037
1.51407
-0.961808
-0.498726
1.19422
1.64962
-0.344809
-0.7861
1.31582
0.408055
-0.134178
1.43237
-0.656232
0.407062
-0.266947
1.95772
0.311729
0.19311
-0.745141
-0.344462
-0.499353
-1.54802
0.0143282
-1.06283
-0.168671
1.50853
-1.46306
-0.436651
-0.118682
1.51115
-0.0440348
1.80429
0.874286
2.25906
-1.69333
-1.45356
0.267316
-0.590996
0.469251
-0.01852
0.668845
0.80852
-0.683204
1.06867
-1.00309
1.87051
-0.533527
0.496114
-0.35092
-0.655611
0.190473
-1.13047
0.180985
0.406822
1.171
1.43336
0.219248
-0.565733
-0.17966
-0.418357
0.063403
-0.198342
1.62199
-0.430643
-0.198242
-1.18754
1.02146
1.27323
-0.841738
-0.121231
-1.55698
-0.222251
-2.45875
-0.714011
-1.00211
-0.349991
-1.52358
0.0550916
-1.88975
-1.66008
0.660738
0.518425
0.249216
0.326635
0.608138
-0.163939
-0.514481
1.34889
0.689512
-0.969358
2.60072
0.473785
0.707632
-0.226782
-0.0447708
-1.24383
1.2012
0.721382
0.602878
0.614347
1.27389
0.890501
0.929214
-0.379578
-0.383191
0.600149
0.47119
1.16743
0.436109
0.253192
0.586615
0.675148
0.100049
-0.941694
-4.19189
0.483017
0.464728
0.17008
0.236297
0.916097
0.510951
-0.597857
0.696506
-1.80209
1.52172
0.441411
-0.0696066
1.77416
0.0608433
-0.142561
-0.370123
0.803502
-0.00179021
-0.719498
1.21233
-1.35048
-0.636797
0.674674
0.348597
-1.83476
0.130388
2.35659
-0.244163
0.59665
-1.25892
1.99017
0.037645
-0.106689
0.888386
-0.389943
1.94211
1.74585
-1.14754
-0.501569
0.185801
-2.57863
-0.324193
1.47808
-0.584913
0.164656
0.570422
-1.40863
-0.571071
-0.219577
1.15791
-0.684821
-0.583585
-1.16307
-1.00518
0.970365
0.835395
0.0859456
1.53062
0.980903
-0.388593
0.410917
-1.72684
-1.23092
0.333113
0.472364
0.500528
0.825155
-0.590939
0.803032
-0.59451
-1.02723
0.335905
-0.190268
1.19175
-0.988543
-0.381671
0.402714
0.14466
-1.39957
1.00709
-1.00897
-1.60584
-0.490937
2.31626
1.50624
-1.27031
0.0588216
0.352637
-0.292754
0.739259
0.491998
-0.174534
-0.50732
-0.57614
0.511728
-0.0510398
0.708305
-0.0211508
-0.256141
-0.851057
-1.37957
-0.573031
-0.0435211
0.390166
-0.145251
-1.03314
-0.641648
0.193199
0.900942
-1.19132
0.0672446
-0.278978
0.00340587
0.562531
0.34856
-1.54367
-1.92518
0.484716
0.0259787
1.37174
-0.563984
-1.93496
0.227112
0.523068
0.0500057
-0.0749006
-1.6735
-0.663615
0.343138
1.25387
0.107
0.091239
-1.69448
0.319628
0.33397
0.153447
-2.70266
-0.434168
-0.911095
-0.637971
-0.702226
-0.342543
-0.717213
-0.1989
-0.17524
1.74807
-0.624853
0.511198
-1.03731
1.64054
-0.058983
0.267028
0.166065
-0.0640588
-0.136079
1.1661
0.922372
1.16384
-0.553754
-2.71293
0.41243
0.186242
0.724236
0.984143
0.721304
-0.305078
-0.923517
0.0933755
0.00893852
-1.92531
-0.0791223
0.655586
-1.72043
0.375219
0.738433
0.341187
-0.28735
1.24845
-1.20788
-0.509508
-1.38662
1.96643
0.747321
-1.02265
-0.454875
-0.13158
0.381312
-1.68312
0.475316
-1.56334
1.00938
-0.332909
-1.19372
1.20331
-0.17495
-1.45432
-0.48123
-1.38203
0.961597
0.305559
-0.238785
-0.47957
1.86629
0.291251
1.62254
0.751626
-0.216776
-0.0975741
-0.0180317
0.0963002
-0.454278
-1.99516
-0.220189
0.00857812
-0.445246
0.575824
-1.01048
0.682156
0.116386
0.0185139
0.70533
1.63191
-0.128486
0.845835
1.0631
1.48637
0.423146
0.566793
0.350417
-0.423415
0.777625
-0.400153
-1.83832
1.23789
0.720577
-0.391771
-1.17814
-0.289778
0.186503
-0.0481316
-2.00382
0.161902
-1.5596
-0.180047
-0.655862
-0.849824
2.24153
-0.267519
0.503976
1.02205
-1.16669
-2.07073
1.45738
0.305029
0.614197
-0.729003
-0.401121
1.18687
0.99227
0.73708
0.579729
-0.234127
0.669741
-0.910386
-0.492428
-0.787522
0.554394
-0.24228
0.188558
1.06667
0.147622
-0.346781
-1.29146
-0.495329
-0.438161
1.08932
-0.212191
-0.766303
-0.807775
-0.723759
0.40556
2.17946
-0.643412
-1.54402
1.45771
-1.20826
1.86342
-0.595752
-1.21436
-1.20765
-1.33173
0.501449
-0.980223
-0.498519
0.342853
0.197021
0.829099
2.6256
0.137846
0.156833
-0.333659
-0.17446
0.219265
-2.79399
1.53809
0.391023
-0.853394
-0.102011
-0.758068
-0.151517
0.817551
-1.3163
0.839239
0.755539
1.22654
-0.517596
0.562795
0.301424
-0.542216
0.344983
1.16509
0.558929
-1.22144
1.81212
0.848355
0.00298572
-0.482177
0.0476853
-0.2212
2.06792
0.350897
0.982624
-0.977039
1.73232
1.43453
0.908164
1.15646
3.33122
-0.314983
0.101875
0.783406
2.21195
-2.10503
0.477465
-0.390194
2.14538
-1.37315
1.461
0.00963742
1.95756
0.234991
-0.484151
-1.15992
0.841342
-0.009648
-0.451056
0.323391
-1.82732
-1.42253
-1.92987
2.81397
0.774361
0.895116
0.990349
-0.421287
0.473774
-0.0654865
0.684155
-0.591603
-0.134941
0.091416
-0.0673789
0.292099
1.27534
1.04496
1.63928
-0.183506
-1.12467
-2.00526
0.752594
-1.65046
0.976983
0.41815
0.922443
-0.0329704
0.667905
-1.03806
-0.115689
-0.785237
0.445661
-1.68144
-1.73693
0.738127
-1.08008
1.4627
-0.154818
-0.336255
0.749533
0.76449
-2.11196
0.464384
0.937507
0.472477
-0.8026
-0.743024
0.844502
-1.48341
-1.0465
-1.32637
-0.462892
1.03607
-0.685186
0.160556
0.426143
0.885304
-1.03645
0.0494753
-2.1005
0.897048
-0.112951
0.175329
0.420804
-1.41541
1.50217
-1.24022
-0.59006
-1.27607
0.0280424
-1.18282
-0.0363605
0.528714
-0.627216
-0.224959
0.398591
0.195593
0.0442109
-0.217113
-1.21688
-2.67505
-0.817969
-0.396015
-1.35004
0.731816
0.424676
-0.26557
1.28442
0.8156
0.654922
-0.433875
0.480416
-0.881047
0.580481
0.556578
0.571091
-1.5023
1.15354
-0.574544
-0.230046
-0.268074
-1.3339
0.624907
1.68325
0.666998
1.3537
-0.0585755
0.430704
0.859059
1.38601
-0.576908
1.53954
0.679773
1.16814
0.413507
-0.615567
-1.19376
-0.168916
-0.532044
1.2919
-0.779913
0.134851
-0.958816
0.187944
-0.792177
-2.41317
-1.11503
-0.737433
-1.17278
-1.87156
0.97167
-0.131447
-0.608832
-0.64876
-0.980933
-0.388064
2.39166
1.1364
0.230054
-0.34885
0.735877
0.558854
-1.56749
0.852995
0.195201
0.525504
0.755813
-0.874268
1.68464
1.71035
-0.623526
-0.217695
0.153825
0.376393
1.48984
-0.407474
2.12111
-0.279762
0.107145
-0.590847
1.48309
0.414183
-1.77636
1.17332
1.88429
0.48227
0.0658657
0.709446
-0.95017
0.0765845
0.0148012
1.30527
-0.59434
-0.727442
-0.722524
0.0563438
0.429817
-0.992233
0.534813
-0.997908
0.010907
1.96754
0.865085
0.313243
-0.138419
-1.03098
0.368584
0.517245
-0.501096
0.480856
-1.02283
-1.19126
-1.05245
-0.935211
2.31485
-1.02766
-0.235824
-1.79113
2.68677
0.732819
0.435486
-0.723983
1.04381
-1.24989
-0.661336
0.254293
0.676775
0.281654
0.121758
-0.350647
1.67858
0.828493
1.59849
0.625498
-1.38944
-0.907901
-1.47963
1.06444
1.65392
-0.264411
0.100053
-0.923211
0.84487
-0.291845
1.38026
-0.744037
0.058907
0.262756
-1.09336
1.07605
-0.586538
-0.909813
0.618827
-0.79712
-0.597326
0.678293
-1.06673
0.335863
0.0368893
-2.73422
-1.03076
0.428068
-0.618778
1.84264
0.725946
-0.275791
-0.0543209
-1.11995
0.2173
-1.03639
0.336053
0.703594
-0.471555
-0.621263
0.260269
0.728107
-0.638426
1.56386
1.16543
1.54446
0.0794583
-0.409456
1.37234
0.922635
-1.06354
0.0913146
0.0107928
-0.606373
0.339617
-2.61892
1.27921
0.473469
0.642684
-1.5604
-0.43521
0.0535942
1.44304
0.850078
-0.0031913
-0.0702293
1.14368
0.168351
-1.14004
2.30666
-0.0186736
1.0475
-1.08454
-0.110634
2.63096
-0.169134
0.685496
-0.05102
-0.202446
1.86645
-0.663105
1.25071
0.776913
2.19335
-1.57273
0.517048
0.687305
-1.14596
-1.84324
-0.311692
0.169142
0.799156
0.749073
0.835929
-0.23853
0.536461
0.127457
1.78621
-1.9091
-0.922982
1.49206
1.88631
0.990405
-0.470227
0.223465
-0.122475
0.836512
-0.713013
-0.663496
1.11925
-0.889298
-0.835242
-0.997385
-0.337144
1.57759
-0.138793
0.0685964
0.637043
-0.798215
-0.140218
-0.0822551
-0.18059
0.517207
-1.07848
-0.0972473
-1.32179
0.440326
0.86972
0.0689179
0.449582
0.852954
-0.902314
0.0277755
-0.397691
-0.682625
1.73453
1.29772
-1.27763
0.374231
1.33553
0.368773
1.76209
-0.0721092
1.9097
1.11925
-0.36806
1.17557
-0.38035
-2.02689
0.0841977
1.33379
0.817455
0.168696
-0.117868
-1.22962
0.127852
0.197011
0.100549
-0.124432
0.506466
0.108066
-0.0111904
0.878506
-0.896329
-0.748683
0.175118
-0.805653
0.259643
0.506122
0.120023
-0.703956
-1.99514
-0.412781
-0.262233
0.548014
0.0838173
-0.183084
1.87847
0.877855
0.657961
0.00288008
-0.20181
1.89186
0.321022
1.30874
-1.41813
0.971436
0.249815
0.31669
-1.05389
-0.605372
0.999287
0.519424
2.7236
-0.436453
0.411475
-0.614934
-0.767642
-1.15243
1.19573
-1.23575
2.62207
1.20077
0.0796635
-1.0214
0.0653933
0.694227
-0.0563672
0.167636
0.447879
1.42426
0.17252
0.335526
0.306933
-1.52875
-0.19598
-1.12425
0.692436
0.928384
1.71523
-0.856839
-2.19075
0.704161
-0.995797
0.603323
0.0772719
1.14161
-0.126389
0.648932
-1.48175
-0.0464642
0.30099
0.618079
0.124207
0.884492
-1.47823
2.07494
-0.0247286
-0.310248
0.370114
-1.76177
-1.03781
-1.16111
0.341083
0.0664407
-0.729465
1.7438
-0.142967
-0.241592
0.384704
-1.99043
-1.09043
-1.5045
0.952392
0.845386
0.198837
-0.892139
2.11386
0.0164723
-0.623369
-0.585252
-0.754483
0.263564
0.986226
0.350539
-0.880951
-2.64556
-1.16312
-0.0770731
1.11677
0.249219
0.06615
0.41284
-0.477276
-0.727995
0.474089
0.602161
1.20054
0.0335217
-1.34936
0.61156
0.474396
-0.336938
-0.784605
-1.06479
0.753541
0.299245
-0.708994
-0.186862
0.600396
-1.08228
-0.983534
0.293627
-0.546446
0.833582
0.0821937
-0.204549
-1.80282
0.10666
-0.880011
-1.09683
-1.15119
-0.545484
-0.170584
-0.136297
1.01925
0.423466
1.25334
-1.35464
0.484144
-0.218733
0.529804
-0.645959
0.873205
-0.496372
0.47865
0.697221
-0.357864
-0.600289
0.40103
-0.263179
1.11274
-0.484443
1.08941
0.164062
0.243599
1.1786
0.056752
0.277354
-0.512144
-2.91202
-1.78334
-1.32408
0.514753
-0.0278057
-0.639786
0.0545446
0.309252
-1.80524
-0.563546
-1.71067
-2.09567
0.865392
0.608276
-0.733048
-0.253215
0.683272
0.716537
1.90078
1.02221
-0.241393
0.110829
-1.38725
-0.371201
0.34488
-0.508578
1.38714
-1.41809
0.217629
-1.39297
-0.812357
1.03411
0.887382
-0.359345
-0.616763
1.31826
0.52256
-0.220295
0.168122
1.24296
-0.729109
1.43673
1.32395
-0.509564
-0.14519
1.95017
0.645806
0.149132
-1.19943
2.30097
-0.0554224
-0.809662
-0.923011
1.54102
1.16107
-0.22589
-0.818522
-0.746992
0.148091
0.208421
1.08017
0.123988
-0.906261
0.470977
0.278668
1.14408
-0.0898704
-0.116431
-0.332958
-0.503372
0.250273
-0.0897942
0.0724352
-1.15731
-1.94277
1.61274
-0.662263
0.395399
0.896684
-0.0554056
0.981472
-0.611806
0.218766
0.283272
-0.697081
-0.969311
-0.704291
0.188945
-0.271513
1.24035
0.453895
-0.155082
0.255853
0.741361
-0.395839
-2.32597
-0.631828
-0.854875
-1.01967
-2.3711
0.101447
0.285714
-0.848996
-1.12066
0.147901
-0.391907
-1.53669
-0.78574
0.152119
0.764123
-0.764984
1.14501
-0.67246
-0.178487
1.80984
0.518128
0.671789
-0.0795277
-1.06748
-0.410873
-1.03939
0.718855
-0.379017
-0.188121
-0.444518
-1.73052
-0.105058
-0.342166
-1.89534
0.118186
-1.28245
-1.17635
-0.188336
-0.702669
0.632445
-0.556318
-2.84171
1.41369
-0.40437
0.679588
0.0127692
0.651076
0.284562
-0.86057
2.82715
0.100886
-0.0357243
0.611325
-1.64246
-0.944099
-0.296672
2.10954
-1.21988
-1.15615
1.82925
0.726642
-0.204386
-0.779515
-1.02897
0.171686
-1.31001
0.668964
1.4051
-0.706905
-0.856797
-0.130197
-0.463943
0.0174134
0.487773
0.773949
-0.974569
-0.941385
-1.43024
0.0298905
-1.99434
0.832699
-0.3774
0.040453
-1.67405
-1.1178
-0.166729
1.77248
0.964501
-0.42742
-0.519445
0.431763
-1.39957
0.372566
-0.577853
1.04333
0.851681
-0.975474
-1.17902
-1.21623
0.398325
-0.663947
0.844421
-0.571383
0.971131
0.380229
-1.52214
0.566625
-0.650243
-0.901826
0.176917
-0.725197
-1.42888
-0.528929
-2.44033
-0.689036
0.394808
0.691872
0.644892
0.513028
-0.708604
-2.45933
1.06726
1.99881
-0.849244
0.159827
-2.8079
0.0572122
-1.15065
-0.35236
-0.412075
0.942348
1.2031
-0.184391
0.565677
-1.1745
1.32747
-1.16084
-0.853238
1.90983
1.06768
0.0483719
0.260675
1.31123
0.0308199
0.623445
-0.392357
0.824139
1.53555
-1.05278
-1.00815
-0.0063363
1.03176
0.652823
-2.28336
-0.857252
-0.705086
0.14495
0.454471
0.580835
-1.44504
-0.282924
-1.03672
0.944772
-0.6613
-1.99909
2.31493
-0.69007
0.444568
-0.0933728
-0.311526
0.696091
1.78861
0.288611
2.98928
-1.42944
0.974241
-0.634903
-0.523792
-0.0674963
2.25149
-0.906795
1.25284
-0.327935
-0.0954811
-0.996919
-1.75893
-2.96371
0.37744
-0.176538
1.72574
0.836491
-0.564342
-0.0755353
-0.227683
0.200658
-1.43461
-0.424559
0.469721
0.152985
-0.608441
1.11932
1.80053
0.611323
0.661154
-0.152532
-1.27965
-0.140807
-0.0528271
0.428035
0.0182443
0.281337
-0.599842
-0.2894
0.400177
0.323803
1.09797
1.01208
1.29575
-0.635537
0.0049456
-1.39137
0.272031
-0.411361
0.728863
-1.87208
0.238122
1.60372
1.26193
1.05314
-0.786622
-1.08839
-1.22775
1.64809
-0.36123
-0.42821
0.497108
1.07335
-0.237499
-0.524806
0.983274
-0.421426
-0.420542
1.24245
-0.566099
-1.62786
1.62246
-1.17783
-0.782822
0.259145
0.194346
-0.456201
-0.360268
0.765513
-1.79329
1.79785
-0.369024
1.43699
-0.922809
-1.11057
-0.997734
0.565336
-3.0581
0.970854
1.10488
-1.37734
1.53554
0.432171
-1.17303
-0.20799
1.31333
-0.217879
-0.195139
-1.03412
0.201828
-0.643219
-1.34088
0.643614
0.477614
-1.40713
-0.682666
0.0821534
-0.161765
-1.72893
-0.177833
1.75289
1.35072
0.212254
-0.336581
0.0625767
-0.624744
1.25217
-0.489225
1.11316
-0.0395853
-0.283014
-0.227049
-0.110957
1.10055
0.00912766
0.761324
0.892358
-1.89249
-0.920739
-2.04754
0.312156
0.997989
-0.259922
-0.815673
0.563915
-0.193137
0.660513
-0.191212
-0.284556
-0.0750369
0.241021
-0.00280271
-0.647033
-0.137534
-2.4629
-0.162156
-0.0183146
1.59106
0.211426
0.731957
-0.165178
0.426642
-0.876957
-1.67623
-0.0658041
0.141081
0.920632
-0.98023
-0.25896
-0.530944
-0.467932
0.0853181
1.71787
-0.264262
-1.24416
-0.987454
0.570667
0.292087
1.74425
0.728472
-0.739578
0.482703
1.18202
-1.81199
-0.315614
0.921311
0.898419
-0.571133
1.2037
-0.751096
-1.72453
-0.0500266
-0.385318
-0.651521
0.963275
0.351803
-2.34721
-0.768107
-0.260979
0.221144
0.61322
1.01942
0.691908
-0.265496
-0.623951
-0.000971987
0.822905
0.546656
-1.37297
-0.867894
-2.36123
-1.07765
0.566786
-2.40658
0.420291
0.0361036
-1.37114
0.890472
0.710883
0.0991932
-1.0058
1.09779
-0.611068
1.13796
-1.02438
-0.0391824
-0.674434
1.07806
1.16717
1.42502
0.152234
0.64108
-0.499001
-0.163639
1.34414
0.940811
0.45388
0.43481
0.947659
-0.954156
-0.477864
-0.0589386
-2.09306
0.960043
-0.519381
1.20159
0.718706
-0.943345
-2.24209
1.30565
0.106526
-0.124864
0.789319
-0.844108
-0.80409
-0.499523
-1.93117
-1.35435
-0.115
-0.225955
1.26618
-0.383151
0.66001
-1.6332
1.16472
0.851448
-0.420283
1.59904
-0.175212
0.333694
1.6644
-2.00618
0.115306
0.964298
-1.30547
0.00483765
0.0618209
0.0443975
0.198295
1.29598
-0.563686
-0.631413
-0.152275
-1.6042
0.0101785
-0.144859
-0.999753
-1.5245
0.812462
0.62271
0.713425
1.40137
-0.504491
1.42182
-1.11656
-0.120918
-1.16432
-1.23664
-0.46159
0.692285
1.02777
0.459489
-1.41513
0.267609
-0.997363
2.73516
-0.950511
-1.08042
1.54071
0.330384
-0.103196
-1.11672
-0.126931
-0.809335
-0.620606
1.66863
0.0470647
0.713628
-0.719381
-0.844505
-0.55843
-1.67753
-0.250894
0.186621
0.599278
-0.471716
-0.936378
-0.222676
-2.63365
2.18098
1.12966
0.546528
-1.0713
-0.68903
-1.19552
-0.370788
0.985318
0.312041
1.6555
0.0309323
-1.44975
-0.0664706
2.02903
1.27575
0.440026
2.07585
1.03664
-1.16766
-0.71569
1.01482
-0.368735
-0.943238
-0.487545
0.236252
0.534047
-0.063302
-0.726188
-0.477458
-0.501934
0.775008
-1.86551
-0.337478
1.3708
-1.06072
-0.319202
0.80144
0.475115
0.285088
-0.413898
0.746322
-0.950215
-2.07777
0.304943
-0.979014
-1.96949
0.616785
1.16545
-0.84424
0.19291
-1.10315
0.315548
0.661352
2.04038
-0.938438
-0.95079
2.51355
0.774437
1.3374
1.04119
1.45597
-1.47537
-1.47039
0.609054
0.868991
-0.906448
-0.307766
0.821297
1.00826
0.990734
-0.458225
-2.30751
-0.742539
0.147263
0.310255
1.08807
-0.175984
0.962026
0.308591
-2.09845
-0.341187
-0.192043
0.168155
-0.5982
-0.589826
0.218897
-0.309311
-1.30474
0.150436
1.09669
0.778025
0.101152
-0.70722
-0.868272
-0.219936
0.863686
-1.97059
-1.0188
1.10547
-0.811053
-0.616655
-0.36694
1.23206
-0.00947564
-1.91247
0.277027
1.59873
0.273772
1.00206
-1.84182
1.75213
-0.936809
-0.496094
0.200679
0.110634
-0.448432
0.844202
0.929612
0.635885
0.0887823
-0.592017
0.270717
1.17403
-1.20565
1.35911
0.715532
1.3793
-0.349097
0.40526
-1.14648
-0.372975
1.51077
-0.328727
-0.341298
0.693617
-0.840597
-0.288962
0.557453
0.227558
0.0982693
0.353729
-0.362529
-1.03753
-0.867285
0.187627
-0.686159
-1.10406
-1.5161
-2.70067
0.278547
1.19807
0.626392
0.703344
0.352345
-0.437805
0.0500855
0.523723
0.0904431
0.000722746
-0.126541
-0.835798
-1.51117
0.236139
1.27409
-0.345669
1.00105
-2.8121
0.857337
-0.0178719
0.151357
-0.92966
0.838152
0.170438
0.0924507
2.02553
0.675798
0.59815
0.608916
1.37853
-0.828432
0.272161
-0.57007
0.577318
-0.561267
1.53274
-0.0780954
0.00727819
0.274696
0.60884
0.104116
-0.141405
1.06802
-1.0251
0.294752
-0.113162
1.57459
-0.836539
0.490348
-0.470896
-0.0570246
1.65817
-1.49816
1.27123
1.02848
-1.0636
0.589584
2.10004
0.469864
-0.543655
-0.452255
0.408481
0.727251
1.00357
1.03037
0.64387
0.927009
1.2174
1.03865
1.43569
-0.140421
0.700153
-1.70244
3.51671
-0.519458
-0.96544
1.60134
-0.924399
-0.553633
-1.02485
-0.534129
-0.129657
-0.376101
0.259631
1.29176
-1.54729
-0.337618
-1.19459
-0.54793
0.236592
-1.5652
0.715905
-1.79084
-1.18058
-1.14648
-0.47217
-0.370277
-0.301886
-1.21559
0.631311
1.2638
1.1236
-0.440325
1.14563
-0.631023
-0.00660554
-0.15538
1.10894
-0.0788666
1.60482
-0.0611511
0.184956
1.58183
1.26507
1.64316
0.0392323
0.635159
0.838144
-0.612643
1.6771
0.593877
1.43623
-1.52738
0.69468
0.189961
1.36375
-0.957734
0.335504
0.0639356
-1.96336
1.50272
-0.849972
1.38917
-0.236767
0.603688
-0.953846
-0.207217
-0.0375686
-0.937676
-0.578172
-0.967774
0.232559
-0.666824
1.30965
0.837185
-0.0361289
0.55731
-0.820925
-1.4371
0.13988
0.166005
0.593119
0.324461
0.502405
-0.0452635
1.1763
-0.614848
-0.571978
-0.110087
-1.64099
0.394599
1.64682
0.800173
-0.669402
2.2555
0.256599
1.95793
-0.18035
0.339039
0.98845
-0.192639
-0.673444
0.457508
-0.804228
0.54686
-0.427558
0.20458
0.533982
1.14425
-0.392294
0.922766
0.807477
-0.715452
1.64929
2.46304
0.108714
0.56362
0.740782
-0.661446
-0.853206
-0.803814
1.03284
-0.120867
-1.15496
-0.201334
1.08571
0.431221
-0.104361
0.468465
-0.0727777
0.394973
-1.39126
0.137692
0.210211
0.169795
-0.844827
0.669854
-0.710948
-0.273467
-2.46127
-1.03347
-1.70724
-0.0269656
0.90222
0.182054
-0.149665
-0.1737
-0.742693
0.281719
-0.72615
-0.269505
0.825237
0.718971
1.42218
-0.716337
0.986141
-0.0741098
-0.0166814
-0.480143
0.783899
-0.751369
-1.16774
0.0148077
-0.635478
1.36552
0.504484
0.604709
-1.44025
1.37281
2.47816
-0.436064
-0.488972
1.31524
0.308346
-0.600461
2.22002
1.57219
1.77036
0.370858
-0.892446
-0.335888
0.116349
-0.726213
1.60535
-1.71816
0.999769
2.16064
0.0173216
-0.640992
-0.230966
-1.47129
0.345807
0.730719
-0.392791
-1.11169
0.723732
1.1359
-1.04581
0.498834
1.42654
1.22971
-0.349223
0.754468
-0.326294
-0.0782446
0.733177
-0.760663
-0.356356
0.189024
0.335725
1.44698
-0.336206
-0.731833
0.237689
0.0188715
1.48981
-0.148992
0.598821
-0.516109
-1.42954
-1.1804
-0.773541
0.272454
-0.743369
1.09221
-2.19087
0.0891434
-0.356207
-0.495997
-0.399547
0.244002
-2.03643
-0.525893
-1.47062
0.397446
-0.494382
1.40052
1.47199
-0.384926
-0.031752
-0.815075
0.736945
1.80176
-0.34084
1.1672
-0.138303
0.656376
0.202729
-0.0884219
-0.849727
-1.4087
-0.969367
-1.01738
1.60341
-0.621905
-1.86684
0.437809
1.24826
-0.244833
-0.613174
0.687096
-1.42569
-0.55742
0.70771
0.794447
-1.62999
-0.904396
0.860269
-2.2374
0.0691068
-1.62836
-1.12679
1.34423
-0.0704749
-1.26929
-0.305714
-1.60434
0.644249
0.326259
2.53401
0.251531
0.261521
-0.935144
-0.204535
1.19935
-0.90434
0.00219916
0.481849
-0.951576
0.620986
-1.51199
0.08655
0.430917
0.438481
-0.896263
0.326643
0.240919
-1.92868
-0.28068
-1.92201
-1.42003
-0.566387
-1.48541
-0.57114
-0.1727
-1.25509
0.735818
1.03929
-0.736759
0.226284
1.03603
1.18745
-0.521547
-0.502954
-0.577025
2.14069
-0.853199
-1.40378
-0.848112
0.687317
1.60479
0.969812
-0.851598
-1.72832
0.406333
0.701586
0.679149
-0.95056
0.71661
-0.227733
0.382786
-0.147293
-0.337403
-1.01378
1.17094
1.27351
0.862303
1.20272
0.419662
0.248257
-0.829545
0.910176
0.998973
-1.86325
0.608679
-1.61704
0.273254
-0.254083
1.23507
0.218971
0.253186
-0.0315506
-0.446907
-1.03492
-0.335598
1.0368
-0.0119616
-1.94314
0.653908
0.0640779
-0.609481
-0.595899
0.309152
0.228401
0.10112
-0.62134
0.137177
0.419146
1.12383
0.418225
-0.906097
0.859985
-1.03707
1.89045
1.16239
0.891319
-0.767949
1.38999
-1.41003
0.0252886
0.327952
0.0881043
-1.21161
-0.328047
0.575193
-1.43896
-0.623978
0.597382
-1.32252
-0.0409075
-1.45664
-0.635861
0.524311
-0.304545
-0.683914
-0.518882
0.420045
-2.27686
-0.0674528
-0.743566
-0.857279
0.103073
-0.793713
-1.10107
0.495363
-0.435603
0.486609
-0.29569
1.38801
-1.07043
0.19542
0.78919
0.781973
0.918895
-1.52169
-1.1291
1.01586
0.889028
1.47611
2.38467
0.518823
0.11267
0.285714
0.461439
-0.948305
0.503376
0.914792
-1.2615
1.37029
0.864201
0.347135
-0.207274
-2.12264
-0.276629
0.411043
0.411462
2.96712
1.08177
1.06081
-0.251901
0.992078
-0.389138
-0.201052
-3.48223
0.093407
-0.341721
-0.743177
-2.37292
-2.0281
0.104446
-0.23497
-0.453374
-0.274275
-1.23017
-1.58044
0.208068
-1.00902
-0.745844
-0.721371
0.188303
0.0837058
-0.76752
1.65838
-0.37115
-1.25936
-2.18911
-0.53016
0.30727
-0.65544
-0.53143
2.07385
2.05154
-0.560312
0.206178
-1.49608
1.32699
-0.454943
-2.15579
0.67519
-1.66249
1.12724
1.24118
0.42511
-1.99571
-1.84305
0.393624
-0.0629998
-0.235724
-0.703641
-0.0562419
-0.517395
-0.695509
1.71726
-0.308638
-0.683527
-0.736218
-0.0680316
-2.76145
-0.60143
-1.00577
0.0734374
-0.0102565
-0.690752
-0.13929
0.851428
-1.01675
-0.643898
0.309376
1.04054
-0.892454
-0.70045
-0.26865
-1.26293
0.463907
3.20936
0.71903
-0.114324
2.04922
-0.740951
0.732219
0.160988
0.321848
1.45886
0.21992
1.3549
1.61671
0.5896
0.541462
-1.08274
0.237612
-0.405302
-0.279409
-0.249233
0.0023882
-0.0860828
-0.416112
-1.00199
1.43757
-1.7734
0.00884608
1.06865
1.03184
-0.845987
-0.375861
0.974589
0.985466
2.76389
-1.03164
1.86633
0.135028
1.82751
-1.04096
0.292742
0.71046
-0.140859
-0.513091
-0.163189
0.223767
0.129465
-0.410508
-1.01778
-1.00092
-0.613354
0.85602
-0.382108
0.448951
-0.0773544
2.48115
0.210166
-0.0514115
1.96761
0.136062
-1.88319
0.228927
-1.45965
-0.536239
0.536071
0.592547
-2.08236
-1.20759
0.512721
0.782635
0.839789
0.230592
-0.263283
-0.214293
-0.68409
-2.21978
-1.00782
0.912771
-0.232994
0.819467
0.724428
-1.38569
0.960832
-0.372428
-1.13153
-0.848466
0.287796
0.613001
-0.592161
-0.18557
-2.24243
0.911929
-0.526141
-0.158986
1.79429
2.24666
1.41815
-1.01015
-1.04066
0.208425
-0.276323
-0.67943
-1.64026
-1.11378
-0.384243
-1.87404
-0.79974
-0.334381
1.01392
-1.27169
0.737884
-0.333346
-0.116587
0.192209
0.676469
0.396762
1.29328
-0.312289
-0.134695
-1.0983
0.267661
1.20355
0.460468
2.3067
1.65513
1.81697
-1.37581
-1.06977
1.21746
-1.02522
-0.429621
-1.41196
1.14963
-0.920765
-1.70287
-1.59917
1.344
-0.422005
-0.02981
1.34514
0.58057
1.33649
0.162328
0.441326
-0.768801
0.326891
0.506884
-0.44229
0.16172
1.24163
-0.0181762
-0.531807
1.40778
-0.263202
1.37307
1.25682
1.13958
0.808581
0.898455
0.98144
0.48774
1.56146
-1.21763
1.72837
0.899601
0.678947
-0.874973
0.223602
-2.19533
0.0197464
0.0616276
0.72253
-0.781939
-0.768614
-0.845712
0.396955
-0.236614
1.33738
-0.00404312
-0.483321
-0.740098
0.628285
-1.38048
-2.05508
-0.229569
-1.14427
0.672042
0.484441
0.833689
-0.732831
0.202304
-1.25974
-1.3646
0.269223
-0.989721
0.423852
-0.984048
-0.411143
0.0649728
0.287198
-0.246545
0.81986
1.10277
-0.484353
1.18955
1.09395
0.514177
1.05981
1.57584
-0.385208
-1.01694
0.740087
1.34318
0.482408
0.554741
0.76639
0.263599
0.453818
-0.338685
-0.0981613
-1.92478
-0.349943
1.7863
-1.71686
-0.596944
0.817226
0.289649
0.676475
0.643952
1.80608
-0.377744
0.515908
0.161939
0.431652
-0.455497
-0.308898
-0.257912
0.110173
1.03359
-0.10856
0.618601
-0.184968
-0.168186
0.704254
0.992057
0.370824
-0.199439
0.718678
0.363607
-0.916378
0.00569431
0.840346
1.09559
0.908375
0.120531
0.762402
0.455517
-1.1487
-0.504213
0.6211
0.882338
-0.996018
0.841361
-0.753543
-1.1727
0.30709
-1.30768
-2.52095
0.042942
-0.756524
0.323492
2.26995
0.893133
0.0275718
0.130379
-0.236835
0.0519628
-0.252855
0.272373
-2.78947
-0.0889207
0.0829572
-1.20179
-0.875823
0.461665
0.251479
-1.68875
-0.0710265
1.33457
0.570993
-1.45443
0.0132443
-1.31153
-1.78859
1.86637
-0.623802
1.43755
-0.313943
-0.263599
1.16528
0.161503
-0.973403
0.270621
-0.261758
-0.397966
0.664826
-1.51605
0.0630703
-1.52678
-0.486571
-0.249448
1.44702
1.21912
-0.944944
0.915871
-1.42966
0.160799
-0.547786
1.04192
0.115995
0.979017
1.39593
-0.127533
-0.99893
0.511748
1.80896
0.704517
0.642744
1.06129
0.105655
0.769073
-0.39355
0.712077
2.08183
0.0761568
0.72763
-0.854115
-1.83779
-0.136775
0.0812059
-0.597454
-0.575283
2.03277
-1.42889
0.326158
1.01768
1.36147
-2.01003
-1.13482
1.36504
0.693859
0.443167
0.753982
0.864203
1.26374
-1.13137
-2.19484
0.904952
1.60079
0.502912
-1.58795
0.27044
-0.961722
1.00096
-0.621842
0.937069
-0.718503
-0.776102
-1.03516
-0.279243
-1.18186
0.646354
0.391831
0.693351
0.735267
-1.23092
-0.827234
1.14031
-1.18526
-2.09616
0.0363727
0.371332
0.473295
-0.591065
0.370359
-1.31917
0.0949919
-1.92245
0.125456
1.12928
1.00899
1.7709
-0.8815
0.112695
-0.52208
-0.021213
0.00659787
0.375848
-0.0392917
1.62833
1.15353
0.26603
-0.489889
1.80615
-0.29985
0.147649
0.469032
-0.924518
1.37014
-0.441395
0.814437
-2.14225
-1.27837
-0.352429
-2.28198
-0.84548
0.441957
1.315
-0.238061
-1.28093
0.92565
0.584236
0.408912
-1.9169
0.783442
-0.00203131
-2.23378
-0.0826003
2.16886
-0.415036
-0.800225
1.17587
1.75717
0.778294
-1.85316
0.648015
0.26991
0.0210765
0.94356
-1.51438
-3.3549
-1.50748
-1.29059
0.0758611
-1.54766
-1.25451
-0.549169
1.11939
0.727904
-0.166591
0.962186
0.146171
-0.402857
-0.0171244
1.2184
-0.792088
0.473069
-0.695263
1.66118
-0.455105
0.739912
-0.209601
-1.36068
0.678781
1.27299
0.965639
0.294197
-0.117947
-0.147789
1.95473
1.09876
-0.945138
0.868844
0.0401881
-0.419697
-0.53544
-0.616151
-0.15301
0.197809
-0.89662
1.74684
2.59198
-0.988928
-0.658314
-0.35898
-0.121026
1.1602
0.637433
0.0203803
0.669994
0.143556
0.0612163
-0.348128
0.551509
-0.798036
-0.115723
1.06542
0.624901
-1.30901
-1.26603
1.41509
-0.99283
0.224214
-1.28531
-0.717448
0.641425
-1.6261
0.0307712
1.06188
-0.27921
0.485703
2.21541
0.831692
0.803496
-0.745521
0.172269
1.18171
-0.0985488
0.477495
-0.672923
-1.7619
1.62473
1.51159
0.190585
0.487079
-0.319659
-2.19885
-1.03946
0.783872
2.76785
0.0211907
0.0260408
0.893352
0.700546
-0.701745
-0.600818
-1.12844
-0.581645
-1.05769
-1.51859
-0.0038784
-0.239073
-0.117037
0.619416
-0.677597
0.652238
0.0295803
-0.391113
0.215009
0.611014
-0.740266
-1.15438
-0.906038
0.164546
0.771042
0.123289
0.00827735
0.0193021
1.13155
-0.143897
0.0208289
1.29519
-0.427592
-1.17077
0.376707
2.55836
0.600205
0.805921
-0.291292
0.91654
-0.594883
-0.0385289
1.78611
-0.00795149
-0.808529
0.6976
-0.387545
-0.203144
-1.12019
0.10385
-0.54378
-0.664142
1.69058
0.314006
-1.34085
1.36264
-1.52193
0.25177
-0.616659
-0.43423
1.29941
-0.256641
0.538081
0.716924
1.21326
1.20732
-1.22935
0.367141
0.419929
-1.25532
-0.105358
0.882672
0.874578
0.809405
0.692919
0.846737
-0.427427
0.519068
-0.552986
-0.829948
-1.01419
-1.36835
0.748897
-0.700999
1.02356
-0.783021
0.0913738
0.432827
0.951098
-1.40069
0.267604
0.230184
-0.309474
0.216385
1.81833
0.302948
-0.672571
-0.249043
0.311092
1.75468
-0.29796
1.23055
-2.94288
0.438341
-1.04597
1.81773
-0.564346
1.3999
0.41702
-1.43307
0.363145
0.465807
-0.38017
-0.272763
0.0747001
-0.792767
0.0964874
-0.332976
-0.569548
0.170345
-0.393844
-1.27921
0.638319
-0.0880799
-1.01109
-1.67813
-3.75886
0.0418941
-0.995302
-0.180766
1.15264
-0.296805
-1.6107
-1.84498
1.17287
-0.392039
1.02388
-0.285894
0.403818
-0.122686
-0.913498
0.0189795
-0.696191
-0.434941
0.465433
0.34673
1.80805
0.555764
0.883302
-1.63711
-1.06208
1.70947
-0.843328
0.731345
-0.545864
-1.63349
2.34556
0.0196331
0.373829
-0.790064
-0.382475
1.26093
1.00783
0.10557
-0.565192
0.232087
-0.982181
0.458131
-1.49025
-0.196603
-0.45832
0.700087
1.37483
1.50701
1.10618
-1.00688
0.165831
-1.21489
1.58221
1.27405
-0.397813
0.574766
0.478525
0.748345
0.0559743
-0.043781
-0.94892
-0.728713
0.514349
-0.422699
-0.632937
-0.210292
0.095784
-0.0368587
-0.634989
-0.859073
0.637109
0.162239
0.348139
0.343654
-0.605798
-1.12519
0.529168
-0.630362
0.8664
-0.687828
-1.97674
-1.23659
1.02805
-0.0712871
-1.22925
-2.22826
0.369651
0.20134
0.741648
-0.280097
0.589185
-1.03016
-0.128637
-0.13629
1.41988
-1.74079
0.786009
1.26591
-2.3213
-0.551815
0.576262
-1.98683
0.739188
0.168748
1.11304
-1.3927
0.0848672
-1.18462
0.0937391
-0.748157
-0.0963226
-1.2847
-0.655407
-1.67343
1.92091
-0.0252705
-0.0423416
0.995728
0.517868
-0.261459
2.40435
2.33242
0.591026
0.754665
-0.318416
0.862988
1.16742
-0.102204
0.659873
-1.63312
0.610849
0.59502
-0.239886
1.75639
0.606462
1.14446
-0.469265
-0.329519
0.890009
0.548536
-1.33143
0.959057
0.544638
-0.730762
-0.658668
-0.469563
0.378587
-1.04021
-0.00622774
0.685035
-0.372498
-1.40142
-1.11831
-0.206611
0.382225
-0.132571
0.192983
-0.50079
0.0518927
-0.656509
1.09539
0.599727
-1.9261
-0.480232
-0.833825
-0.86871
0.619458
-1.28353
-0.540499
0.474955
-0.528119
1.45471
0.0568788
-0.692767
-0.654751
0.430891
-0.114803
1.4864
0.0172402
-1.79705
0.324627
-0.499151
-0.300215
-1.488
0.640285
-0.333166
0.686526
1.98975
-1.96884
-0.473649
-1.18235
0.520203
-2.38573
-0.328678
-1.07847
-1.6095
-0.307201
-0.787283
-0.0899923
0.109962
0.0321097
0.632831
0.865311
0.964965
-0.949706
0.288561
1.05959
0.427149
1.02386
0.644373
-0.657933
1.61155
1.46592
0.000816082
1.42766
-0.315437
1.57427
0.102589
3.10146
-1.48384
0.26637
-0.384909
-2.53973
-0.976678
-0.918756
0.830838
0.0541828
0.141001
0.456438
-0.753319
-0.796601
0.829405
-0.639078
2.19403
-0.271335
1.33896
0.516789
0.942604
0.38284
-1.21908
0.0120227
0.231401
0.68138
-1.79519
-0.254199
-1.45526
-0.0732966
-0.828844
-1.52659
-0.39703
3.27391
-1.10148
-1.44841
-0.429509
-0.893813
-0.261784
2.22524
0.200916
-1.11369
0.751312
0.859786
-0.461627
-3.35089
2.38945
-1.11959
-2.2251
0.217048
0.671518
1.08177
2.71055
3.23742
-0.117866
-0.671697
1.3662
-1.57401
0.432713
1.57521
-0.124895
1.39228
1.03979
-0.334033
0.0289909
0.459909
-0.462509
0.307315
-0.42269
-0.865917
-0.943506
0.919025
-0.761029
-1.40286
-0.75679
-0.704658
0.16672
0.355457
1.8617
0.632924
0.20929
-0.585666
0.61738
0.873896
1.00911
-0.548937
0.299899
-0.608125
-2.49234
0.203153
-1.14526
-0.827923
-0.676947
0.513883
1.76137
0.651621
0.497835
-0.990853
0.572584
-0.552992
1.30697
-1.31682
0.286867
0.771828
-1.52721
1.49374
-1.30313
-1.40342
0.640369
0.994113
1.85288
-1.04406
-0.194711
-1.05687
1.77098
0.0590852
0.511378
-0.371371
-0.279609
-0.203898
0.141091
0.833038
-1.49479
0.283006
-0.174226
0.173773
-0.264246
1.40091
-0.10631
0.775345
-0.314095
-0.582099
0.449904
0.518947
-1.18995
0.00514101
0.734001
0.89736
1.26644
-0.741029
-3.57902
1.09764
0.640341
0.976065
-0.698328
1.54037
0.812391
-0.64464
-0.52299
-0.189356
-2.17675
1.13226
-1.37285
1.59666
-0.0438516
-0.481759
-0.495625
-0.15534
0.043027
0.243829
-0.383489
0.678283
1.11913
1.18345
-1.69226
-1.23918
-0.450698
0.769562
-0.291645
0.0146996
-1.57563
-0.105547
1.55906
0.240593
0.496416
-0.399991
-0.60487
0.637299
0.585731
-0.198965
0.448928
-0.58715
-0.209356
-0.732895
-0.770362
-0.913536
-0.774214
0.277553
0.420435
-1.88594
0.142091
-0.317391
0.681974
-1.37353
-0.420553
-0.618202
0.241423
0.733704
-1.25612
-1.63173
1.97437
-1.9773
-0.169158
0.302675
-0.765376
-2.64569
0.501047
-0.956003
-0.103614
0.436084
-1.20317
0.568701
-1.68729
-0.0619696
-0.0949288
-0.491729
-1.47287
-0.766911
-0.117101
-1.06891
-0.111451
0.576866
-0.907379
0.0156219
2.34026
-0.697992
-0.17545
-0.955719
-1.22585
0.358347
0.621685
0.789791
-0.442398
-1.81371
-0.881389
-1.21632
-0.284156
-1.6858
-0.255662
1.86188
0.219761
1.09635
0.725484
-1.1453
-1.64626
1.57427
0.262015
-1.89656
0.387322
-0.736604
0.16033
1.56585
-1.53807
0.0367663
-0.57789
0.717368
-0.570325
-0.994314
-0.319531
-0.84651
-0.496355
-0.0900875
1.85329
1.38919
0.52454
-0.140111
0.0581903
0.295224
-0.302456
0.273058
-0.196177
-1.24633
-2.54306
-1.22741
-0.758738
-0.509469
-0.027026
0.129425
-0.186864
1.66972
0.0553543
0.82321
-0.61974
-0.688332
1.14872
1.28354
-1.1683
0.744325
-1.88578
0.630597
-1.2573
-0.987765
0.172177
0.457516
0.895296
-0.00489861
0.571175
0.595439
0.702284
0.142971
0.146708
0.0620101
-1.00177
0.817593
-0.424012
-0.764803
0.671445
-1.56873
0.325933
2.65296
-1.00424
-0.418073
-3.00497
2.18954
-0.303329
-2.1497
0.257438
-1.73331
-0.365083
1.14632
-1.5642
1.73231
-0.10011
0.32548
0.106945
0.352816
0.683875
0.170986
-0.850549
-0.508692
-0.35461
-1.02829
0.227509
-0.581846
0.128607
-2.32183
-1.86685
-0.469313
-0.476943
1.57438
1.41224
0.0188785
-0.20582
-1.74724
1.83779
1.07971
1.38161
1.02461
-0.0097039
0.57664
1.70448
-0.772015
0.403324
0.00310757
0.0739276
1.06753
-1.21201
-0.626632
0.843374
-1.00073
-0.778676
1.99673
-0.932769
-1.75921
0.492065
-0.303448
0.0590376
0.640217
0.938013
2.22556
-0.297658
0.0225459
0.170687
0.414099
-1.18175
-0.218449
-1.02089
0.00581141
0.852177
0.680416
-0.836009
-0.159417
0.358925
1.87437
1.17083
1.03149
0.377371
-0.951472
-0.395721
-0.710621
0.101145
-0.872274
1.41364
-1.172
-0.963869
0.568362
-0.506627
-0.71519
-3.52803
-0.33325
-0.111955
1.77572
-0.822307
0.0819788
0.580923
0.317471
-0.621153
0.0419205
-1.3747
0.103809
0.433019
-0.816969
2.1097
-0.705252
2.81471
0.427863
0.318738
2.18188
1.11204
0.114191
-0.964377
0.391244
0.435141
-0.0848712
-0.470629
-1.14353
0.435891
0.797678
-0.0265639
0.59058
1.4237
0.199354
-0.136087
-0.301389
-0.849169
-0.232526
1.35655
0.687367
-0.842995
-0.376435
-0.15005
0.385494
-0.00339468
0.984928
-0.0491165
0.320655
-0.157716
-0.213059
-1.70491
-2.03302
-0.309445
1.44608
-0.381765
-2.94974
-0.167944
0.0725017
-0.73731
-0.953823
-0.755825
0.388092
0.844485
-0.153401
1.25276
-0.764782
-0.936985
-0.776778
-1.26623
-0.820934
1.2005
0.423067
0.914214
0.281776
0.296996
-1.08292
-0.970591
0.0074229
0.99324
2.43059
1.60943
-0.907125
-0.170133
-0.595823
0.11951
0.231527
2.68441
1.86855
0.883988
0.89296
0.426045
0.395156
-0.582923
-2.1832
-0.0582309
1.1242
-0.563854
0.788721
1.25156
-2.00811
0.707799
-1.75202
-0.0901928
0.783381
0.939062
0.448331
1.62168
-0.50068
0.0611756
-2.24313
1.26988
-1.40075
-0.0664562
0.240928
0.0898437
0.501334
-1.01283
1.05185
-0.63139
-0.24205
1.22709
-0.801455
2.8458
-1.72427
-0.540443
-1.87109
0.92594
-0.642411
0.299195
0.0660197
-0.204773
-2.40964
0.281317
-1.77323
1.27085
-0.533369
0.386679
0.944838
2.01777
-0.207328
-0.820197
-1.70199
0.238116
1.13815
-0.0309736
0.659559
0.0419982
-1.05928
0.0111133
0.94268
0.832147
2.00228
-2.06422
0.944662
0.0462915
-0.130352
1.31074
0.0866117
0.676679
1.15054
-1.36418
1.83969
-0.597911
-1.18286
0.807867
-1.44732
0.375832
-0.822279
-1.64778
-0.486726
-0.287054
1.52023
0.339404
-0.97577
0.30772
0.0767801
-1.48925
0.478745
-0.621528
0.00945371
0.582035
0.127933
1.02214
-0.65499
-0.0531654
-1.89964
-0.271433
1.43477
-0.596555
-0.781841
-0.854071
-0.354143
0.475693
0.571794
-2.37688
0.961475
-1.29726
-0.390181
0.898607
-1.6982
-0.804571
-0.762328
0.191421
-0.790246
-0.0134635
0.156012
-1.17146
-0.0037348
0.477284
1.77093
-0.501415
-0.726037
2.00244
-1.33031
1.51329
1.22708
0.669934
-0.00630162
0.734447
-1.11244
-2.61812
-2.31512
0.734663
0.278862
-0.0342861
-1.16042
0.0675913
-0.568633
-1.52133
0.118613
0.749307
0.524121
0.622293
0.655933
-1.52474
-2.30296
0.979815
-0.0199806
-0.661707
0.700086
0.418269
0.270165
1.47625
0.307997
-0.956246
0.535839
-0.384227
1.10559
-0.463592
0.176658
0.923054
0.342775
-0.238253
0.28053
1.2615
0.274956
-0.105935
-1.12958
-0.0493826
-0.446754
-0.459771
0.513912
0.13625
-1.5403
1.32086
0.385082
0.727926
-1.28097
-0.808394
-0.434114
0.999721
-1.02293
-0.934111
-0.868599
0.646886
1.70436
-0.879901
-1.57878
-0.345468
0.0362025
-0.372026
0.742445
-0.315428
-0.0995029
-0.371423
-0.144211
-0.097917
0.122343
0.443907
-0.0755896
-0.760099
-0.826426
0.278288
0.857517
0.645551
-0.0566316
-0.813922
0.387509
0.0425375
1.08967
0.652155
1.37094
-0.217606
1.29543
-0.296282
-2.22099
0.235164
1.33091
-1.18171
0.773339
-0.130068
2.02415
0.524059
0.0152616
-0.181069
0.561009
1.19251
-0.0399651
2.12479
-0.397701
0.340737
0.635259
0.536414
-0.302713
2.11386
0.891254
0.997659
0.123203
0.81741
0.121586
-0.469432
0.69251
-0.299209
-0.328039
-0.119225
-0.139952
-0.0932099
0.814486
0.368614
-1.0291
-2.32035
-2.41308
0.218473
2.2493
0.58242
-1.68422
-1.04594
0.0462503
-0.713903
0.406317
0.750521
-1.01113
-0.441408
0.868944
0.365005
-0.121335
1.46399
-0.384582
-1.65874
0.69276
1.30691
-0.552089
-1.69105
0.348038
-0.623203
-0.62864
-0.574444
0.267357
-1.00951
-0.0450671
-0.138516
0.672146
-0.917595
-0.707785
0.718477
0.713704
-0.841233
0.23618
0.38252
-0.976579
0.414115
0.603386
-1.35843
0.736211
-0.456128
-0.523519
0.12551
0.415855
-0.465839
0.444232
0.785501
0.0555107
-0.840215
-0.534871
0.0295737
-1.67085
0.107685
0.132837
0.49167
0.893816
-0.396931
-1.55463
2.26435
1.29735
-1.21353
0.609532
-1.0299
0.718593
-0.727193
-0.129276
-3.26222
-1.02517
-0.339208
-0.418081
-1.59694
-0.470535
0.509114
0.89192
1.28447
0.253976
-0.233289
2.23109
0.295746
-0.296243
1.05407
0.477997
-0.00849919
-1.54082
-0.547258
-1.1157
0.10056
-2.06889
0.285169
-0.0162896
0.067107
-1.21549
0.273431
-0.113748
-0.766358
0.965006
-0.557715
-0.392053
-0.568599
-0.118414
0.45602
0.541526
0.499558
1.13798
-0.705799
-1.01633
-1.79011
1.22808
2.36175
-2.09741
-1.55805
0.894497
0.461716
-0.748519
1.85538
-0.461914
-0.194308
-0.276863
-0.843366
-0.134311
-0.280475
0.215711
2.64549
0.188418
-0.040292
0.327293
-1.37378
-0.222913
-0.936949
-0.897721
0.256418
-0.426362
-1.29882
0.274668
-0.670931
-0.0749575
-1.11666
0.521727
-1.11396
-1.53977
-0.50864
-0.0891894
-0.631454
-1.68295
-0.50224
0.766378
-0.739199
0.805259
1.83301
-0.507222
-0.534974
0.21331
-2.10859
-0.892308
0.901717
1.09491
-0.716182
-0.462735
-0.251938
0.488094
-0.665771
0.720827
-0.760687
-0.271991
0.0695781
0.792198
1.91082
1.15909
-0.222293
1.27784
0.619554
1.71725
-0.727701
-0.0948958
-1.12536
0.787073
0.83712
-1.89196
0.807513
-0.301361
-0.435708
-1.57525
0.914728
1.6447
-0.769622
-0.216736
-0.173439
0.691412
-0.0400654
-0.160774
1.62501
1.03919
-0.941519
-1.12168
-0.202775
0.171434
1.06274
-0.09179
-1.04844
0.088193
0.842151
-0.504806
-1.30787
-1.90689
-0.65471
0.814005
-1.47633
1.19033
-0.633138
-0.573403
0.236985
-0.00428511
-0.926388
0.676507
1.73001
-1.26917
-0.414213
0.834553
0.131857
0.130184
-1.50961
-1.45944
-0.0586974
0.383107
0.133873
-1.28489
0.286329
-0.820652
1.38463
1.43311
0.676819
1.43796
-0.894633
-2.06207
0.612916
-0.569118
-1.02624
0.810974
0.791761
-0.153764
-0.997494
0.784715
1.82555
-0.293956
1.03066
0.102111
0.226248
-0.394628
0.299986
1.5024
0.0203152
-0.133658
1.70518
0.0777675
1.15458
-0.144212
1.03602
-0.723348
-0.217316
-1.1423
-0.771709
0.239491
-1.59535
0.768365
-0.336238
0.801871
0.878811
-0.315295
1.39732
0.28784
-1.9095
-1.93508
-0.473089
0.0871051
-2.46784
-0.554742
1.97009
1.01907
1.26565
-2.29032
-1.45484
0.830534
0.625894
-0.326299
1.42925
0.0523498
1.91276
0.293922
0.188791
-0.543693
-1.32624
-1.36943
-0.0183386
0.259422
0.592733
1.00359
0.338111
-0.433153
-1.76215
0.759755
-0.726936
0.575857
-1.2711
0.0718234
-0.127019
0.336659
-1.37391
-0.119219
-2.09906
0.254816
-0.377148
-0.96529
0.393905
0.694406
0.818395
1.43151
0.955846
0.20681
0.636324
0.0453231
-0.855399
-0.578828
-0.541002
-0.828137
-0.038004
-0.0546745
0.691574
-1.59426
-0.799998
-3.30068
1.09324
0.799576
0.327456
-0.382076
-0.928141
-0.418501
1.85879
0.110764
0.771108
0.61055
0.815452
-0.941414
1.47321
-0.62704
-0.0711904
1.16227
-1.81945
-0.605567
0.644832
-0.435513
-1.2609
0.780947
2.12824
0.397661
-1.41231
0.655607
-0.991115
-0.120272
0.13115
0.684459
1.45061
0.537586
0.378379
0.672297
-0.243363
-0.483029
1.78727
1.54364
0.0285012
0.957855
1.15867
0.856029
-0.346553
0.586384
1.868
0.491892
0.781464
-0.72363
0.214301
-0.735959
-1.2782
-0.972086
-1.69363
-1.9947
-0.496864
1.36032
1.34345
0.0347886
-0.56585
-1.30263
2.29376
-0.00298584
0.434294
-0.136976
-1.56129
0.0771449
0.623503
1.99333
-0.766773
0.116799
-0.12656
-0.215491
-1.53912
-0.286713
-0.26248
-1.00584
1.0182
0.969657
0.0770557
-0.731501
1.70837
0.863536
-1.13722
-1.24062
0.83729
0.502382
-0.313405
-0.404917
0.0472189
-0.0969207
-0.964925
-0.945379
0.751087
0.416598
-0.0718543
0.134516
1.10538
1.26049
0.74255
1.42455
-1.42244
1.8841
0.909825
1.00034
1.02348
0.754434
1.83259
-1.95362
1.26355
1.57797
0.26841
-1.29256
0.208636
2.27409
-0.585952
-0.167681
-0.0541308
0.484555
-2.1974
-1.93719
-1.00053
-0.356698
-1.26297
1.1299
0.224133
0.173433
1.94005
0.787413
0.445344
1.0505
-0.377147
0.135374
0.219923
1.39982
0.580765
-0.48182
1.61307
1.72485
-1.64236
0.567683
0.360721
1.40191
-0.989188
0.137536
-0.351905
-0.680139
0.933255
0.860037
-0.348068
0.974628
0.160893
-0.689553
0.0725123
0.476909
0.732622
1.31898
-0.0298005
1.02652
0.464433
-0.0114561
-0.247311
-1.28471
-0.145638
-1.41377
-0.891313
1.93533
0.149579
0.710783
0.879462
0.194073
-0.90841
0.603601
-0.41768
0.620785
-0.770348
-0.296455
-0.536847
-1.65942
0.816651
-1.38599
1.84189
0.0667839
0.933946
-0.477606
1.55549
1.34557
-0.21997
0.0804628
-0.278448
0.173629
3.06203
0.895762
-1.02295
0.783381
0.279974
-0.233308
0.887795
0.582854
0.213603
2.47305
0.117461
1.19744
0.756266
0.671002
-0.169702
-0.0140064
0.149661
1.91045
0.132178
0.700557
0.355581
1.02135
0.162449
1.07626
2.25921
-0.0175535
1.07872
0.41435
2.31754
0.901588
-0.425918
0.0773868
-0.748184
-0.0825874
0.14667
1.35007
0.85843
1.5215
1.46116
-1.42231
0.544942
0.399562
0.840515
-0.502562
-0.211475
-1.05253
0.900875
1.37679
1.23117
1.85939
-0.038228
1.38177
0.383262
-0.0999782
0.61561
-0.777998
0.231736
-0.0884104
0.106007
0.210446
-0.879199
-1.31097
-0.373484
0.830304
2.60875
-0.820773
1.49358
-0.0826846
2.40935
-1.3971
0.708563
-0.650983
-2.48265
0.074815
-0.620133
0.085703
0.339879
-0.183495
0.0743675
0.158121
0.850446
0.0660299
1.03105
0.588909
-0.12251
-1.132
0.819449
-0.393851
-1.40716
-0.380646
1.48335
-0.257399
0.162855
-0.0867119
-1.30324
-0.812522
-0.925646
1.6607
-0.995659
-0.0787623
-0.97518
0.164145
0.684325
0.574465
-0.560444
-0.223314
0.565942
-0.129801
0.0270392
-0.411412
-0.28815
-0.768353
-0.530825
-0.312716
0.258306
0.611885
-0.831538
-0.151781
1.29354
0.864996
-1.47566
0.964436
-1.12134
-1.11763
0.443189
0.761183
0.79309
0.390689
-1.97288
-1.39899
1.05188
0.48943
0.916649
-0.188184
-1.17161
-0.328121
-0.691784
-0.79001
0.790624
-0.0649911
0.199499
0.830748
-0.693461
0.456408
0.11802
1.37969
-1.64034
0.304565
-0.199113
-1.42556
-1.04193
-1.1245
0.184762
-0.676454
-0.240264
-2.34601
0.46158
1.05472
-0.616747
0.391982
-2.62207
-0.268124
-0.594039
0.93155
-0.435095
-0.340532
0.563543
1.93725
-1.14242
2.29688
-0.558857
2.37803
-1.67392
-0.0548435
-0.785817
0.226874
-1.65988
-0.686703
0.716778
0.224381
-0.618514
0.988691
-1.46669
0.0888578
0.619362
0.290859
0.128174
0.534463
-2.05807
0.415438
1.29175
-0.32033
-3.69
-0.990478
0.508166
