1.37749
-0.140838
0.604685
-0.545108
-0.733505
0.712477
1.08729
0.421951
1.19627
0.760619
1.27469
-0.693484
1.49254
0.437432
2.26866
0.402178
1.17643
1.40419
1.03024
0.335269
-0.0762339
1.29134
1.17145
-0.409388
-0.657978
-1.0916
-1.05963
-2.10455
-0.0529491
1.02925
-0.760361
1.18618
0.627078
-1.78699
1.15162
-0.425035
0.920193
-1.08379
-0.423304
-1.02541
-1.42319
-0.755284
-0.449143
0.285573
0.495619
-0.299506
0.940078
-0.0616383
-0.756182
-0.00575338
-0.443827
-0.285806
0.701013
1.17852
-0.196898
0.808486
-0.929317
0.781114
0.729773
-1.17775
-0.0794466
0.162816
0.948769
0.485424
-0.00794944
-1.52201
-0.690802
1.01303
-0.654329
-0.491825
-1.09116
0.00343827
-1.42312
0.352816
2.11468
-1.27796
0.182462
-1.26304
0.148299
-1.11157
-0.206737
0.259833
0.633735
-1.26718
1.52798
0.884219
-0.770163
-0.660235
-0.862588
-0.0809484
1.63441
-1.0623
-2.40135
0.739478
-0.645508
-0.0186812
0.0421533
-0.0270723
-0.422906
0.759574
-0.459496
-1.11562
-0.0409764
2.28231
1.08967
-1.66514
0.509996
0.36481
-2.65371
0.221426
0.492044
-0.658722
-1.20989
-0.642554
-0.253402
-0.318559
0.777139
-0.133448
0.348086
-0.507798
-0.377901
-0.87497
1.25112
-0.2059
0.642409
-0.617623
-0.197462
2.1109
1.18112
-1.03687
-0.107313
-0.638832
-0.567472
2.21705
1.46544
-0.64044
-0.847619
-1.30962
-0.73995
0.206729
0.818674
1.69683
0.238669
-1.3841
-0.0106556
0.329478
-0.394609
-0.152805
-1.67177
0.78851
-0.42936
1.85163
1.253
0.671157
0.411142
2.01315
0.0313713
-1.17988
-1.43301
-1.08991
1.0029
0.727434
-0.79428
0.243145
-1.46884
0.456064
0.900932
-0.173724
-0.161032
0.649744
0.86332
-0.957149
-0.280676
0.159515
2.06065
-0.160173
1.73544
-1.18642
0.303702
0.678525
1.90745
-0.319471
-0.181026
0.19135
-0.991488
0.73424
-1.62269
-1.53623
0.116492
-0.0350451
2.41471
0.505853
0.3178
0.739225
-0.0315607
0.189264
0.144154
0.212469
0.134008
-0.566052
0.279727
-0.338676
0.622883
1.67856
-1.25115
0.329986
0.371783
1.09483
0.910073
-0.128444
0.534442
0.0753091
-0.268683
1.01718
1.44119
-0.380456
0.0454729
0.283082
-1.23758
-0.69906
1.11736
-0.00223936
-0.323954
-0.608426
-1.57317
0.868356
0.168992
-0.918002
1.2943
-0.0380702
-0.30242
-0.119497
-1.13787
0.192869
-0.31909
0.415661
-0.69278
1.14101
0.339495
-0.958375
0.531467
0.436887
0.0968333
2.12035
0.115788
0.506343
-1.66419
0.102169
-0.20854
0.992028
0.0267535
-0.0850399
0.923593
-0.855362
-1.43594
0.637869
0.298824
0.486816
-0.127221
0.502554
-0.204935
2.58151
0.478014
-0.52199
-0.0934965
-0.836921
0.941937
0.23124
0.936882
-2.11538
-2.51128
0.0607823
-0.274415
0.529149
-0.0386636
-0.851428
-1.44718
1.52886
-0.97712
1.19057
1.60168
-0.125446
-1.81742
-0.0374475
-0.196041
-0.754299
-0.723092
0.136645
0.917478
0.838907
-1.41946
-0.742785
0.258968
-0.244625
0.958971
0.669299
0.936477
0.09965
-0.826859
0.146856
-0.767698
0.970584
1.04619
0.0163414
0.0307376
0.1234
0.554947
-0.243866
-0.184176
-1.44967
-0.958642
-0.97002
-0.729949
-0.464421
-0.0864846
-0.566609
-0.826761
-0.95595
0.210832
1.238
1.33288
0.9628
0.313927
0.803994
-0.727559
-0.0850113
0.722055
-0.129561
-0.344226
-2.83882
0.495561
-0.525861
-0.865297
-0.9648
-0.801315
-0.135945
0.140933
-0.715599
0.578802
0.783391
1.38776
-0.0036639
0.694348
0.0690254
-0.590091
-1.41816
-0.347425
-0.146799
-0.60852
0.0279921
0.423047
-1.53985
0.221362
-0.876429
-1.21107
0.0485223
-1.28523
1.14868
0.374336
0.146518
-0.686068
0.125106
0.0149454
0.240368
-0.954675
-0.265719
-0.205362
-0.27164
-0.0992477
-0.355521
0.665069
-0.120905
0.934448
-1.53744
-0.25036
-0.271161
-0.322902
0.915811
-0.198988
-1.62551
1.43181
0.235832
0.0346761
1.78314
0.725948
0.614017
-0.510678
-0.505119
-0.624516
-1.11548
0.930662
1.32123
0.325261
0.099495
-0.741827
-0.652726
0.323382
-1.32421
-1.11505
-0.534872
-0.142164
-1.14209
1.54918
2.24481
1.32602
0.35459
0.823477
-1.88687
-0.0385513
0.204906
1.82258
-1.80513
0.951059
-0.029496
-1.2586
0.579884
-0.145759
-0.187502
0.15376
-0.779867
-0.373256
1.5388
1.22202
0.368451
-0.0708477
-1.82515
1.40357
0.369742
1.36741
-0.961744
-0.904965
-0.173585
-0.241058
1.28477
1.04371
-0.727449
-0.887897
1.28626
-1.31431
-0.886371
-0.474778
0.192142
-1.47286
0.21054
1.21963
0.425511
-1.89158
-2.34468
-0.309441
-0.314711
0.291987
-0.696118
0.245359
-0.159026
-0.997452
0.389496
-1.34169
-0.441042
0.516098
-0.0594001
0.134691
0.122242
1.98671
-0.501593
-0.562923
-0.171829
-0.579315
3.62316
-0.0359253
-0.865901
0.495389
-1.13918
1.48322
2.66212
-0.365936
0.141701
-0.169106
-0.842088
1.12264
-2.2909
-0.93253
0.376373
-1.83753
-0.504954
-0.831532
-0.206603
1.67284
-0.339947
0.559582
-1.13552
0.281271
-0.170796
0.910502
0.701759
1.43258
-1.9535
-0.848848
-0.53705
-0.354282
-0.715522
1.5623
0.257093
-0.964872
-0.723159
0.85257
-1.37119
1.86064
-0.0250815
0.498469
-0.205674
0.0639726
-0.0385295
0.0972671
1.26138
1.64569
-0.515884
0.832444
-0.782565
0.0127125
-0.085973
-1.94001
0.840663
1.10485
-0.0269696
-1.87682
2.12299
-1.37004
0.476285
0.32596
-1.2588
0.494005
0.360025
-0.20579
-0.0702129
-0.545717
-2.03555
0.0965949
0.473269
-0.493212
-1.18609
-0.322026
-0.42471
-0.3812
-1.42502
-0.365519
0.28815
-0.304046
0.169508
-1.43972
0.46747
0.11829
-0.551818
-0.944835
1.64987
0.964346
1.02063
0.648296
0.618646
0.679482
0.620247
0.728043
0.213228
0.0456872
-0.466058
0.355983
-0.0397388
-1.36131
0.0988813
0.0653384
-0.5318
0.0190644
0.0439638
-0.442226
-0.88151
-0.348611
-1.57187
1.05238
-0.347458
-1.30618
0.925167
0.193813
0.585435
-0.651444
-1.25672
-0.206437
1.35477
-0.0125137
0.372956
-1.06692
0.301625
-2.71095
-0.710389
-0.442063
-0.149723
-0.0755261
0.0208083
-1.56637
0.9973
2.02605
-0.322085
-1.6978
-1.0052
0.47524
-0.840879
-0.915001
-1.48074
1.11959
0.311632
0.745271
0.651989
0.238583
0.574242
0.650121
0.58078
-0.515568
1.09199
-0.874661
1.11919
0.488379
-0.3117
-1.09767
0.280035
-0.916063
0.79846
-0.879399
-1.30664
0.937492
-0.885212
2.74154
0.0522682
1.9256
0.990706
0.307607
1.01396
0.739997
0.749613
-0.478203
-0.874245
0.783998
2.15794
-0.548515
-0.985835
-1.66099
0.087187
-0.677884
-0.334605
0.566438
-1.19764
-0.445112
-1.27087
0.0978922
-0.977557
-0.390394
3.31094
-0.501677
-0.355635
0.306432
1.13875
0.783766
-0.981601
-0.227812
-0.0990743
0.485266
0.434427
-0.278825
0.235741
-0.731489
-0.131291
0.0693862
0.878686
-1.2602
-0.48663
0.603709
0.687015
2.56781
-0.104927
-0.628329
-0.952251
0.983241
-1.78266
0.0716405
0.670002
1.18272
0.0104274
0.0652811
-0.684598
0.104431
-0.135554
1.48315
0.422766
-0.64112
1.01427
-0.777447
0.130685
-0.973134
-1.58491
0.802467
-0.171223
0.662031
-1.06822
-0.687643
-0.898885
-0.0279526
-0.565118
0.395566
-0.571762
-0.000783846
-0.397945
0.616347
-1.86724
-1.38476
-1.54121
-0.0271641
0.943691
0.608291
0.300268
-0.43387
0.258788
1.01146
2.40275
-0.987208
-0.199025
-1.33801
-0.636802
0.553498
0.643063
0.560837
0.614416
-1.39344
-0.252704
0.622274
-0.85852
-0.562671
0.207022
-1.19414
-0.0730558
-0.665477
1.23005
-1.28897
-0.960916
0.96433
-0.725983
-0.77927
-1.4069
0.698469
-1.14484
0.150929
0.579799
0.0975343
-0.998237
0.853659
-1.27848
-0.0578729
-0.187598
0.953681
0.0806281
-0.889409
0.311948
0.517685
1.53597
-0.236761
-0.406886
0.212657
1.08748
0.344286
-0.214327
-0.875854
-3.06839
0.743061
-1.64625
-0.533552
0.815673
0.458149
-0.371909
0.842862
-0.598637
0.365234
-0.703847
-0.195415
1.84047
-2.54613
0.262567
0.93518
1.27349
0.525236
-0.157277
0.925738
-0.168565
0.523044
-1.93121
0.869916
1.00429
3.45387
-1.66678
1.71439
1.69165
-0.513027
-0.567905
-0.937219
-0.977708
-0.321792
1.95088
2.00115
-0.171661
0.940204
-0.791803
-0.100312
-0.41548
0.383908
0.311839
-0.27554
0.664774
0.174646
1.44608
-0.110829
0.874936
-0.817101
0.313189
-1.03776
0.331891
-1.15593
-0.0509509
1.35769
-0.756346
-0.558365
-0.175774
-0.675758
-2.38764
-0.689118
-0.479263
-0.0796035
0.262555
-0.539479
0.389068
1.18237
0.110409
1.503
-0.461512
0.594253
0.313406
-1.01319
-1.01197
0.644073
-0.214911
-0.892802
-1.68067
-0.417347
0.0666176
-0.796688
-0.247737
0.703943
1.84867
-0.976813
0.152744
0.514524
-0.660657
-1.96845
-0.540132
-0.683872
0.260358
-0.558877
-1.458
1.40019
-0.149363
0.016054
0.91872
-0.0185959
1.40778
0.35435
-0.707713
-0.662852
0.741425
-0.405605
-0.848404
-0.183322
0.60136
-0.146426
-0.0422748
-0.939681
-0.473022
-0.996287
0.441279
1.33162
-1.06613
-1.44848
-0.570707
1.36757
-0.569678
1.46325
-0.825925
-1.36406
-1.63269
0.496673
1.84086
1.26513
0.144337
1.1808
-0.257929
-0.125835
-1.40513
1.15494
0.284994
0.240762
0.112905
-0.264606
0.531733
0.693278
0.402193
1.5872
-0.517133
0.97384
-1.34142
-0.33455
1.07307
-0.647748
-0.56915
1.03792
0.0833364
-0.27303
-0.0705835
-0.220308
-0.171674
-1.17467
-1.43548
-1.78748
0.115107
0.493562
0.662273
-0.619671
-1.82409
-1.34453
-2.16019
0.0926614
-1.04927
-3.25148
0.698561
0.547162
-1.18879
1.07756
-0.456413
0.452793
-0.461851
1.16812
1.57982
-1.67013
-0.475945
0.180317
-0.103422
-0.212989
0.940568
1.19141
0.0975983
0.373888
0.514362
1.53421
-0.0351099
0.179098
0.707986
-0.020425
0.0188844
-1.13083
1.45119
-0.776538
1.49731
-0.190441
-0.576148
-0.135688
0.30499
0.972583
0.27687
0.180897
1.60001
-0.85895
0.140516
-1.17688
-0.339662
-2.02834
-0.952773
-1.62941
1.19765
-0.624442
-1.85538
1.42678
-0.283311
-1.5039
-0.637851
0.134017
-1.35262
-2.24181
-2.83374
1.55338
1.04111
-0.575446
1.62824
0.494121
2.55933
-0.990983
0.598217
-1.67722
-1.91801
-0.809972
1.55191
-0.595573
-2.14379
-1.38283
0.201595
0.0804055
-0.776811
0.231592
-0.608502
-0.518705
-0.597301
2.34165
-0.578466
-0.810747
-0.563062
-1.99166
-0.205454
-0.611951
0.156845
-0.444583
-0.0988425
-0.592517
0.559696
-0.0561473
-0.245788
0.274526
-0.740514
-1.78172
-0.81489
0.238041
0.697377
1.42497
-1.56713
2.10064
-1.09254
-0.0579808
1.88199
-0.742582
-1.9944
-0.20794
-0.200873
-1.56185
-0.701893
-0.0417374
-0.605841
-0.744855
0.457056
0.183046
0.759194
-1.73396
0.444595
0.181704
-1.40156
-0.202386
-1.32154
-0.479057
0.6747
0.948698
-1.06066
0.270212
0.273267
-0.571291
0.334407
-0.23037
0.457674
-0.67925
-0.359055
-1.89072
0.770304
0.858189
0.0986594
-0.664035
-1.35271
0.285341
1.5702
-0.0482787
0.844561
-0.615121
0.112782
-1.47901
-0.926455
-1.12355
-1.4188
1.01903
-0.227321
-0.971469
-1.33751
0.21488
-0.546487
-0.330277
-1.4306
0.335204
0.0214756
0.129743
-0.283414
-0.890832
0.773752
-0.976611
-0.043188
0.238111
-0.692255
-0.700047
-0.796503
0.858013
1.15508
-0.557669
-0.754933
0.742441
-2.17934
0.327904
0.161726
0.853355
-0.67047
-0.125268
-0.710723
0.892309
1.35241
-0.410609
-1.22592
0.333333
0.670309
-0.144265
-1.28358
0.304028
-0.468423
-0.539002
-1.12011
0.099619
1.01814
-1.17772
0.8047
-0.351035
0.272306
2.25152
1.0716
-0.499472
0.709013
-1.89751
-0.930025
-1.01993
-0.875895
-0.15283
-1.39685
-1.12779
0.20086
-0.293001
-1.7901
0.784645
0.44291
-0.483521
-0.0133097
1.71374
0.428786
-0.101299
0.687327
-0.0579573
-0.757489
-0.0161547
-0.387384
-1.4514
-2.02462
0.601922
0.442192
0.488736
-0.179364
0.967805
0.263538
0.0581489
0.88968
-0.977296
0.532554
-0.669722
-0.339911
2.20021
-0.197895
0.703785
-0.633049
-0.842691
0.17952
1.39727
-1.60381
-0.331583
0.572982
0.637659
-1.63798
0.165159
0.686634
0.0906998
-0.395926
-0.00786723
-0.229467
-0.0190925
0.902087
-0.0477547
0.29594
-0.416471
0.52696
0.895205
0.82787
0.62823
0.240927
1.43656
0.284719
1.55043
0.102504
-1.28595
-0.0654452
0.0282488
-0.349852
0.455525
-0.44269
-0.420913
0.584153
0.472198
1.52027
-1.14963
-0.539274
0.487157
1.06035
-0.494202
0.356409
-0.227751
0.133419
0.322465
-0.553535
0.756395
1.93651
0.710299
-0.917087
1.05587
-0.481092
-0.529331
1.72023
0.989174
0.103958
-0.559793
1.72185
-0.159625
0.877574
-0.822254
-1.63433
-1.47921
-0.304432
1.64532
1.91889
0.207441
2.36804
1.19951
-0.71483
0.0612022
0.0984875
0.444508
0.652671
-1.55027
-0.809152
0.375196
0.106191
-0.859316
-0.38544
-0.0316813
-0.194956
0.0198878
-0.211367
0.225776
-0.728683
-0.246342
1.33244
0.46543
-1.55966
-0.390512
-0.644207
-0.0262386
-0.398712
0.245272
-0.0910865
0.590274
-0.802586
1.05531
0.575964
0.356027
-0.183424
-0.549548
0.791474
-0.458585
1.91032
0.508739
0.182374
-0.101996
0.816021
-0.397156
0.694418
-0.6623
-1.52893
0.960239
-2.05093
0.511803
2.43901
-1.61834
-0.307453
-0.226768
0.0591411
-0.614019
-0.111024
0.791622
0.257759
0.319334
-0.122996
0.00725026
-1.33947
1.2595
-1.66558
0.496633
-1.26484
0.30751
-0.361875
1.30031
2.2347
3.25826
-0.228517
-0.448495
-0.352655
1.41841
-0.380063
-0.904059
-0.590973
0.927742
-0.371452
-0.210966
0.45842
-0.337017
-1.76965
0.966756
0.779343
-0.43111
0.63997
0.47807
1.11283
-0.873591
-0.514609
1.45732
1.82243
0.470349
0.407657
-0.41043
1.11257
-2.39313
0.767283
-0.530395
-1.25056
-0.513091
-0.616883
-1.1421
-0.934385
-2.62475
0.573521
0.788563
-0.46683
0.41663
2.87708
0.332707
1.62964
-0.388607
-1.16114
0.544099
-0.453493
-1.44072
1.59849
-1.01181
-0.66184
-1.61145
-2.08407
-0.653697
1.21298
0.795459
-0.534461
-0.522505
-1.6058
0.777214
-0.432237
-1.41279
0.808198
0.0644607
1.43666
0.185174
2.06209
-0.56753
1.55751
0.864456
-0.206319
0.998966
-2.38735
0.667145
-0.506116
0.0737231
0.42968
0.163359
-1.89618
-0.0985193
-1.53698
1.30277
-1.31813
0.996746
-1.03384
0.925772
-0.796077
1.055
0.194597
0.375236
-0.203902
0.603671
0.145275
-1.07243
1.53404
0.497121
-0.443251
0.0973825
-1.67645
0.255459
1.1454
0.257098
-0.549437
0.368021
-1.12031
0.297702
-0.832167
0.195547
-0.525641
0.847345
1.57055
-0.2085
0.806537
0.25224
-1.56068
2.074
-0.057969
1.18728
-1.18548
-1.20656
-0.940347
-0.903626
0.994014
0.853021
-0.498042
0.158398
0.620337
-0.00362424
1.59054
0.129336
-0.000250197
1.29361
-0.29997
-0.836218
0.291
2.03462
0.0908181
-0.924874
-0.888394
-0.845146
-0.138665
-0.492529
1.1367
0.644435
1.11999
0.168313
-1.36699
0.683572
0.60205
-0.797183
0.7621
0.626831
0.11037
0.150642
0.679105
1.59996
-1.36327
-1.17579
-0.0935311
-0.434725
-0.689465
0.868185
1.75178
-0.138163
-0.176014
-1.62649
0.446582
0.776392
1.13208
-1.04822
-0.320589
0.411832
0.742746
0.459633
0.445052
0.242551
0.651383
-1.89414
-1.33929
2.6006
0.163693
-0.132362
-0.441612
0.91831
-0.0207926
-1.11406
0.197848
-1.03247
-0.977871
-0.640164
-0.0163321
-1.49805
-0.83053
0.188736
0.887827
-0.228208
0.324559
2.21541
0.470851
-1.53983
-0.0597438
-0.965145
1.29059
-0.573929
-0.0521223
0.587313
-0.645079
2.11287
0.212451
0.684839
0.755287
0.184746
1.10073
1.27389
1.22861
-1.165
-1.43749
-0.362031
0.26645
1.3575
-0.0286523
-0.0347844
-0.652422
1.48098
0.456034
0.242129
-0.440382
-0.716624
1.34881
0.655637
0.875646
-0.91547
-1.02526
-0.971487
-0.516653
-0.268074
-1.61256
0.988571
-0.0764638
-0.565274
0.750544
0.13684
-0.355545
-0.645941
-0.895402
-0.840354
-0.941505
-0.245653
-2.78853
1.58778
0.786958
0.225327
-0.62634
-0.146468
0.24509
0.466893
0.605939
-0.603782
-0.609769
1.88013
0.234325
-0.20077
-0.3068
1.50025
1.34821
0.51873
0.183331
2.52961
0.503179
0.555267
0.7132
0.952926
0.502691
0.536684
-1.06492
-0.707778
0.104064
1.53392
-0.321154
-0.22488
0.410055
-2.18518
-0.0828285
-0.469702
-0.0472218
-0.299413
-0.0488431
-0.914159
-0.638705
0.0879171
-1.00148
-0.00975891
0.246729
1.16661
-0.150055
-0.541929
1.29744
-0.335876
1.60271
-0.768979
0.324789
-1.89188
-0.621812
0.574529
-0.512556
0.319429
1.33715
-1.80879
-1.12727
1.28296
-0.920439
-1.69539
0.104261
-1.78401
0.487425
0.920144
-0.87467
-0.0879683
-0.0362262
-0.352424
0.497497
-2.47653
-0.928133
0.989796
-1.85109
2.08741
-1.75018
0.688106
-0.928649
0.148853
0.594161
0.515222
0.086882
0.447482
0.334987
0.160779
-1.2792
0.900008
-1.35977
-0.150415
0.982704
1.37396
-1.51386
-1.51584
1.10661
-0.728112
-0.768369
0.267282
0.00222598
2.45127
0.212748
1.47097
1.19857
-0.883945
-0.922182
1.13243
-0.800095
1.38951
1.94234
0.0119318
-0.607735
-0.685044
0.288974
-0.0719114
-0.242895
-0.532121
0.848044
1.87791
1.84765
-0.381058
-0.971005
0.937505
-0.425595
2.58412
-0.252109
0.0458382
0.0534512
-0.542076
0.0330464
-0.285495
0.981432
1.25031
0.723675
-1.61086
1.62644
-1.65897
-0.0514623
-0.762785
1.30726
0.124793
0.602216
0.048421
1.83102
1.43127
0.687872
0.646085
1.9825
0.666811
-0.0982491
-0.0991289
1.79068
-1.82635
0.168819
-0.685822
0.070056
-1.14128
-0.617368
-1.48295
0.0441438
-0.311719
-1.14075
0.355693
-2.08739
0.408443
-1.87954
-0.473313
-0.262719
1.27415
-1.24744
1.24577
-1.70733
-0.003941
0.215096
0.636917
-0.145526
0.472503
-0.951857
0.492087
1.6133
-0.220097
-0.276356
1.43729
-0.848583
0.396885
0.505234
0.0354412
0.701787
1.14355
-0.361921
-1.14015
-0.381574
1.12327
-1.43933
0.351916
0.415181
-1.81574
-1.64211
0.811105
0.711358
1.22892
-1.48586
-1.78844
-0.244098
1.34089
-0.447381
-0.0229435
0.950598
2.03991
-1.70002
-1.46188
-0.629126
-0.278148
-0.108499
0.319603
-0.728418
0.486021
-1.30032
-0.723505
0.772465
0.534234
-0.280183
-0.0116702
1.29931
-3.05404
1.17762
1.19696
1.52774
-0.213436
2.27284
0.0488835
-0.54703
-0.892595
-0.545686
1.022
1.19589
0.417482
2.52881
1.46422
2.34191
-1.54699
1.01051
0.333708
-1.27183
-0.643789
-0.0969415
-0.372103
0.150037
-1.13924
1.2752
-2.25549
-1.39237
-1.61539
0.23627
0.64438
0.450207
1.61849
0.081885
1.70318
0.410854
-0.326429
-0.852951
0.0559886
-0.15668
-0.238456
1.54929
-0.56755
-0.915619
-1.44531
-0.308395
0.731513
1.75398
-1.62676
0.721679
-1.07682
0.187063
-1.4062
0.735028
-0.42708
-0.777366
1.10519
-2.41068
-0.148697
1.82027
-0.207144
0.832732
0.53871
1.41565
1.04363
1.40655
-0.470708
-0.0310953
-0.455722
1.35955
0.367577
-1.85836
1.72513
0.0189035
0.677505
1.61869
-0.522666
-1.9744
0.116637
0.549361
-0.59181
-0.522496
1.1015
1.39561
0.611721
0.325142
2.12121
-0.220503
0.278835
-0.254706
-0.217551
-0.946925
-0.395638
1.6905
0.0176795
0.264719
3.05773
-0.701314
1.95631
-2.02606
-0.089836
-2.17493
1.59752
1.28033
0.294133
0.113303
1.09115
2.70553
-1.32604
1.18709
0.213646
0.31834
0.862734
0.492266
-0.28774
1.44516
-0.190457
1.36617
0.268125
0.697933
0.468206
1.69791
-1.46722
1.85389
-0.673003
0.763443
1.24584
0.528053
-0.270063
-0.661987
-0.709131
-0.347325
-0.39295
1.22608
-0.551764
0.387069
2.13245
-0.25131
0.266483
-0.319422
0.460175
-1.32419
-0.916806
-0.536777
-0.413232
1.33766
0.36641
-0.587647
1.77586
-0.770554
-0.0496426
0.0546991
-1.58582
-0.470696
0.0643682
-0.444954
-0.0859154
0.766204
0.1694
0.596514
1.0716
0.0153097
-2.52816
-0.679444
-0.693464
0.83365
0.339736
-0.514566
-0.994612
0.412858
1.12544
-1.53518
2.90987
-0.50728
-0.34788
0.57496
-0.183252
-0.607447
0.0149566
-0.324678
0.609001
-0.166416
-0.723659
-1.90418
-1.06558
0.229669
-0.207719
0.333175
-0.471256
0.292934
-0.290568
-1.21612
1.34649
-0.835565
-0.27103
-1.23356
-0.154054
-0.913827
0.211396
0.298636
0.561939
0.534572
0.985141
-0.155565
-0.0681851
0.388841
1.11929
-0.124365
2.92806
-0.535353
-0.407319
-0.663887
-0.404382
-0.881475
1.70807
-0.350481
-0.964142
-0.950577
0.0674096
-0.139279
0.447371
-0.192901
-0.713133
0.750547
0.794986
0.170749
0.601378
-0.964848
0.267023
-0.984697
-0.0810582
1.41147
-0.78332
0.296725
0.620263
-0.5134
0.751273
-0.38594
-1.12234
1.35256
-2.02921
-2.10255
-1.19191
0.652792
-0.920809
0.627288
-1.00474
-1.56557
-1.68928
0.414911
0.0021227
-0.765934
-1.8779
-0.628582
-0.222151
1.20827
-1.74644
-1.38975
0.777006
0.410515
0.0316141
-0.746664
0.717012
-0.443765
-0.46223
-1.00746
0.0676517
0.468387
-1.62504
-0.68113
0.684247
-2.42733
-1.52619
-0.425091
-0.203017
-1.25228
-1.27916
-1.26616
-0.438445
0.725595
0.473613
-0.0710988
0.157278
-0.0362884
0.947055
1.40805
-1.0217
-0.165758
-0.335402
0.7245
-0.0620809
-0.882887
-1.28031
0.528646
-1.13971
-0.0209758
-2.08318
-0.389447
0.418526
1.75149
0.0197978
0.812162
-0.648313
-0.383362
0.870745
1.05403
-0.0282234
1.58304
-1.73261
1.54894
-0.49699
0.579212
0.778978
-1.96878
0.991401
2.65989
-0.587389
-0.601171
-0.660387
0.210144
-0.61231
2.12545
0.440423
0.956898
-0.926027
-0.660001
-0.289772
0.821617
-0.602471
1.50816
-0.815227
-0.972039
-0.904854
-0.33397
-0.296378
-1.11468
-1.24345
-0.793742
-0.757498
0.506088
-0.115587
-0.420107
1.2165
1.82688
-0.344717
0.286746
-0.412004
-1.01097
-0.909477
-0.410449
-0.198302
1.66263
-0.691938
1.03118
-1.945
-2.43337
-0.806191
-2.36415
-0.042473
0.0678682
-0.343405
-0.459963
-0.167741
0.508134
-0.652316
-0.359663
0.605636
-1.8374
-0.497155
1.35532
0.925695
0.511501
-1.5612
1.445
0.0389414
-1.23871
0.371294
0.173366
-1.14316
-0.0797694
-0.0809815
-0.852923
-0.328321
-0.655968
0.0294724
1.29536
0.345005
-0.329527
-0.904944
-0.276078
-0.974878
-1.09086
-1.47592
0.819588
0.644083
-0.432989
-0.176369
0.00324376
1.78578
-0.881198
-1.02059
-1.72739
1.22783
-0.743442
1.56856
-1.01597
-0.748335
-1.37813
0.408853
-0.782581
-2.2326
-1.59877
1.14155
-1.61246
-0.837096
-0.199738
-0.316709
-2.20334
0.406354
0.299452
-0.963452
-0.414677
-0.845864
-0.430038
-0.91675
0.155531
-1.64053
1.28262
-0.734122
0.536449
-0.460033
0.3806
-0.108735
0.345747
-0.87262
0.129336
1.76333
0.283841
-2.59791
-0.790038
-0.00789045
-0.0794709
1.58856
0.791353
0.289271
-0.967898
0.36792
0.652625
-2.20331
-0.166468
0.589752
-0.457729
-0.801686
-0.433945
-0.824777
-0.704907
0.312458
-1.05645
1.60213
-0.94265
-0.800279
-0.0146095
-0.134195
2.36436
-0.708834
-0.319167
0.633764
0.877839
1.12623
0.58237
0.609122
-0.928925
2.07741
1.96359
0.289064
-0.354667
-0.798793
1.02564
1.79861
-0.796405
-0.784739
-2.413
0.818811
1.21186
0.650451
-0.286523
2.31946
0.737684
-0.174976
1.68421
-0.376576
-0.341382
-0.00414069
-0.367361
-0.359366
1.419
-0.015117
-1.89302
0.433429
1.36024
0.57323
-0.79536
0.588219
-0.0460018
1.01636
0.871554
-0.838703
-0.546043
-0.434407
0.338748
-0.460393
-3.12273
-1.97924
0.0718054
1.66673
0.697778
0.827861
1.23732
-0.346446
-0.806741
0.389156
-0.362686
0.562836
-0.54083
1.66206
-0.475914
-0.398532
1.57111
0.518767
-1.35076
1.17152
-0.904678
0.0620959
1.08377
0.21091
1.03937
1.01673
-0.828236
0.142632
1.70042
2.68367
0.702701
-0.0327396
0.369023
0.131769
-0.0787304
0.907314
0.877519
0.386843
-0.936114
1.12937
2.33207
-0.591818
-0.297351
0.897657
0.937188
0.555244
0.302246
0.594355
-1.23504
-1.07103
0.159772
-1.01949
0.153768
1.21208
1.25822
-0.456288
0.813408
0.216453
-0.166146
-0.164243
-0.721118
0.455623
-0.540952
0.352859
-1.05992
0.0618366
0.654637
-0.68821
0.0702894
-0.172839
1.19596
0.776081
0.180549
-0.587886
-1.32416
-1.56101
0.237593
1.22847
0.222516
-1.31361
-0.881956
1.23867
0.475279
-0.969791
-1.83392
-3.48459
-0.487281
-0.68855
-0.282453
-0.475217
-1.48752
-0.29038
-0.224302
0.522102
0.81527
-0.944242
0.263663
-0.37792
-1.18718
-0.475426
1.55126
-0.112541
0.937834
-1.68559
0.230511
-1.31098
-0.959846
-3.71929
0.222081
1.31626
1.27435
-0.455465
-1.84474
1.29647
0.432445
-1.03975
0.696141
-0.376528
0.704068
1.67515
0.014071
-1.02428
0.165518
-0.242214
-0.353452
-0.362056
0.190992
-0.699583
0.93208
-1.40194
0.082654
0.0898466
-0.293497
0.349972
0.857404
-1.30092
0.775714
1.18512
1.5045
-0.974039
1.14745
-1.43856
0.882634
-0.408435
-0.321823
2.26085
1.51645
1.43617
0.649833
-1.10029
1.58102
1.075
0.0505652
1.09792
0.297545
-0.166585
1.2969
-0.268599
-1.73954
-0.593885
-1.5496
-0.136745
0.785643
1.67811
-0.330075
0.149795
-1.50399
-2.12671
-0.279229
-2.41625
-1.63551
-0.0115163
1.59382
1.48311
-0.817501
-1.35345
-0.949321
0.250996
-1.27848
0.48437
-0.16772
-1.25144
-0.0951491
-0.72592
-1.14921
1.12841
0.295159
-1.35927
-0.512214
-1.33791
0.146325
-1.48161
-1.01114
0.371616
0.977791
-1.30225
0.594656
-1.7641
2.03897
0.508739
0.457693
-0.481709
-0.241493
-0.711175
0.395564
-0.1678
0.538367
1.44782
-1.75495
0.444156
1.98128
-0.126438
0.47459
1.14637
-0.230918
-1.3683
1.01665
-1.55942
1.2695
-0.44982
-0.740014
1.1037
1.52469
-0.836455
0.184265
-0.704151
-1.17297
0.627237
-0.239397
0.437694
-1.23333
-1.01763
-0.901738
-0.0276582
-1.07508
-0.775074
-0.586122
0.208318
0.937757
0.827339
0.393563
-1.36832
0.959888
0.606086
-0.11808
1.22417
1.38047
-0.824347
0.889583
0.390519
0.328681
-0.447762
1.4786
0.0785241
0.934416
0.511879
-0.579137
-0.918749
-0.472868
0.0583171
0.434937
0.127159
0.208541
1.53236
-0.337387
0.929081
-0.582444
-0.95465
-0.535011
2.76204
-1.19855
-0.172038
-0.250731
1.5982
0.894978
1.695
-2.05936
1.41018
1.27958
0.746603
-1.04908
1.18421
-0.46788
0.278658
-0.761619
0.895167
-0.546152
1.24774
0.800857
-1.52243
2.7441
0.541459
1.1341
0.399527
-1.49011
-1.04803
0.270764
-1.38954
-0.13248
-0.986321
-0.586747
0.13342
-0.0664339
-0.930102
0.114333
-0.0876283
-0.24932
-0.115193
-0.168376
-0.527578
1.82811
0.621796
0.738708
-2.05017
1.59978
0.656064
0.302571
0.109473
-0.403213
-1.63129
-0.779199
0.127492
0.74791
0.132789
1.18962
0.418292
0.702102
-2.35743
1.11062
-1.70153
0.281964
0.0164575
0.648081
-0.195367
-0.666511
-0.243252
-0.28455
-1.12761
2.06947
0.985399
-0.556689
-1.33701
1.54783
1.2825
-0.610905
-0.788985
0.933753
0.123474
1.63853
-0.200931
-1.10545
0.134759
-0.333853
-0.377536
1.7789
1.13296
0.208298
0.949818
1.60884
0.264993
0.651636
0.155036
-0.622268
-1.37566
1.12987
0.191929
-0.492806
2.09466
0.0218058
-1.17204
0.0630819
-0.449162
1.05881
0.902312
-0.0481914
0.940606
-0.431332
-1.2347
-0.153414
1.27076
0.367449
0.731132
1.65864
-1.15074
-0.739669
0.62942
-1.27453
0.856338
0.745174
0.742035
-0.430114
-0.927084
-0.229055
0.504758
1.67276
-1.53497
-1.41904
-0.128758
2.38203
1.62743
1.84599
0.54169
1.1096
-0.779337
-0.749719
-0.221638
0.254369
-1.05676
-0.236529
-0.0327881
0.769164
-1.01039
-0.281544
0.963482
0.0356604
-0.166704
-1.15347
-0.285892
-1.32517
0.637681
0.446419
-0.884423
-0.0638751
0.51449
0.0851605
-0.777563
-1.87293
-0.47916
0.156272
-1.61829
0.0982145
0.522482
-0.132051
0.333329
-0.465412
0.393074
0.405255
1.69737
0.71296
-0.783962
1.79368
2.19963
0.578316
0.572736
-1.04625
1.06415
1.37436
0.122952
1.07622
1.51887
-1.06311
0.529498
0.728546
-0.418918
-0.880622
-0.0926153
0.341387
1.4148
0.764433
-1.11059
0.871409
-1.7963
0.884147
0.242806
-0.510586
0.801287
0.98493
-0.222457
0.061975
-0.437245
-0.0632843
0.426134
-0.704286
0.650227
0.869567
-2.69832
-0.775452
-0.0832246
0.55984
-0.412317
-1.09528
1.50779
0.394738
-0.9949
1.07676
0.784048
1.176
-0.206979
0.525041
-0.583818
0.435883
2.27298
-0.15661
1.22375
-0.00353091
2.17239
-0.692759
1.73152
0.338311
0.443647
1.78606
-1.92147
-0.769429
-0.554789
1.81614
-0.368155
-1.13922
-1.26218
-0.299199
-0.0181737
0.450894
-0.299113
0.177321
2.75298
-0.362917
1.1216
0.175661
-0.335879
-0.860072
-1.97996
-1.05385
-1.79976
-0.89889
1.3022
-0.845516
-2.14652
0.288702
-0.641745
0.295844
-0.53095
-0.0686938
-1.13472
-0.888574
-2.11367
-0.56065
1.38094
0.0437994
-1.31886
0.41463
-0.837459
-0.37328
1.55309
-1.34658
1.03789
-1.32901
0.0155485
1.09016
-0.161445
0.0528831
-1.08666
-0.840906
0.743428
-1.41108
-0.340076
0.254597
1.50482
1.37959
-0.0780804
-0.925446
0.258367
0.837741
0.299001
-1.53719
0.380378
-1.16174
2.29108
0.737806
0.734948
1.22174
-0.886468
-1.10969
1.28076
0.537981
-0.681977
1.96403
-0.279342
-1.95002
-2.3039
-1.27896
0.246529
-0.240668
-0.361174
0.134618
-0.701977
0.536439
-0.835104
0.740342
-0.410445
0.775675
0.598757
-0.975061
-1.0011
-0.696937
1.53544
0.0893474
-0.462037
0.525024
-0.064918
-0.946341
0.52482
-0.224245
-0.322294
0.100644
1.73619
0.139532
0.386309
-1.34412
-1.37721
-1.16366
-0.942553
1.39386
-1.99986
-0.104207
1.10216
0.650267
-0.501914
0.616082
-0.64597
1.15575
0.879264
-1.91467
0.181327
-2.56596
0.858013
-1.17162
-0.251783
-0.699215
-0.935546
0.710227
-0.754365
-0.763951
-0.980341
-1.71145
-0.816134
-2.2996
0.75861
-1.37062
0.0318727
-0.571245
0.961439
-0.897802
0.569857
2.07548
-1.80344
-1.15987
-0.864794
1.08207
0.876802
0.433659
2.60357
-0.379022
-1.95688
-0.24977
-1.52437
-0.477737
2.1913
-0.437179
1.1111
0.929526
-1.07285
1.65429
-2.08263
0.06653
-0.596196
-0.17944
-1.26859
0.295931
1.66337
0.415385
1.1439
0.536948
-0.183896
-0.850917
-0.0870273
-0.805891
0.261206
0.498787
-0.505821
-0.393881
-2.83034
-1.04283
0.539181
-1.86266
-0.52708
1.05816
0.9263
-1.14421
-1.87186
0.601435
-0.400249
0.232269
1.38181
1.11487
-0.168301
-0.895609
0.0629085
-0.158178
-1.05979
0.950058
0.248033
-0.283039
-1.82144
-0.317423
-0.652685
0.827987
0.372978
-0.595836
-0.531865
0.586667
0.559629
-0.321621
-0.732922
-0.747838
0.297946
-0.422322
-0.591245
0.959102
-0.0398598
-0.112395
-0.241737
1.40149
0.454103
1.21341
1.14067
-0.856388
1.44275
-1.16022
0.817704
0.711742
1.20308
-1.56259
-1.98439
-1.00867
-0.0030679
1.64644
0.257082
-1.10165
-0.898916
0.822044
0.856648
0.0754626
1.10259
-1.27175
-0.161274
0.583907
-0.21206
-0.108425
1.28349
-0.183581
0.214742
-0.515769
-0.601529
-1.4684
1.65452
-0.186071
0.234116
1.26195
0.397873
-0.620734
-0.216029
-1.39749
-1.75394
1.99124
0.342606
1.31312
-0.736433
0.2216
1.38927
1.88205
-0.150607
-0.62393
0.684062
-2.07561
-0.640015
-1.13811
1.1435
-1.41097
-0.504823
-1.32291
0.174181
0.529754
-1.6427
-1.02222
1.61069
-0.469524
2.05311
-1.90846
1.44018
-0.129621
-1.03369
-0.897694
-0.484415
-2.93453
-0.667416
-0.371369
0.343741
-1.48363
0.846838
0.208624
0.250469
1.5007
0.49506
0.196661
0.181202
-1.41356
-1.11351
-0.430625
-1.80001
-0.452177
-1.05367
0.627143
-1.14764
-1.21383
0.353688
-0.161067
1.30391
1.44665
-0.0175069
1.77065
0.266126
-1.21879
0.374756
-1.8057
-0.553522
-0.0223773
0.385385
0.27153
-2.28039
0.579968
0.0682534
0.771179
1.42453
2.71019
0.0528166
0.73624
0.539104
-0.520118
0.452929
0.216066
2.29311
0.382931
0.792114
-0.0808644
0.72063
-1.18669
1.79523
1.26182
0.990148
1.901
-1.51657
1.02178
-1.21466
-0.285844
-0.780097
-0.119356
0.528342
0.247938
-0.237114
-0.414376
0.877808
-2.2484
-0.232283
0.926739
0.610387
-0.238629
-0.808663
-2.1025
-1.04073
-0.143794
-2.35123
-0.287863
-0.470748
-0.211831
-1.15088
-0.817561
0.216015
-0.862929
0.692081
0.225271
1.45315
-0.479303
-0.367068
-0.429178
1.06469
-0.194594
0.845034
0.359702
0.624047
0.227947
-0.390668
1.10841
-1.34688
1.41755
0.790987
0.207317
0.434542
1.82706
-0.733197
0.700848
-1.34679
-0.791602
0.295762
-0.252139
-0.758894
0.552244
0.973039
0.551415
-0.209214
0.617122
-1.60182
1.1384
-0.545035
-1.14423
0.97581
1.48416
1.99032
0.101898
0.0138377
0.899572
-0.936106
-1.03472
0.771998
-1.20571
-0.638365
0.647558
0.40903
-0.300953
0.126807
0.992894
-0.35791
-0.651281
-1.42347
1.12917
0.552456
-0.195484
0.367753
0.457544
0.912043
0.237646
1.19497
-0.594686
0.453774
1.71807
0.111093
-1.99679
0.856014
1.39353
0.619061
2.05282
-0.553991
0.255744
0.00322549
-1.45928
0.250534
-0.333236
1.67733
-0.373964
-0.368849
-0.448884
0.329488
-0.365451
1.77471
-0.104585
0.234164
-1.03635
0.0222123
-1.18767
-0.0632326
0.196409
0.935186
0.38933
1.31745
-0.675395
-0.481684
-1.27014
0.797016
-0.124515
0.989683
-0.727425
0.960177
-0.111074
0.195247
-0.435769
-0.344701
0.228914
0.61317
-0.246128
-0.60061
0.631767
-0.327955
1.83727
-0.299478
-1.65585
0.765558
1.44436
-0.305152
-1.77572
-1.00386
-1.89261
-0.888011
1.05081
0.207643
0.100273
-0.408852
-0.987916
-0.314736
-0.011582
-0.937105
-0.0383034
0.510587
-0.305222
1.99286
2.6701
2.41467
-0.203498
1.42178
-1.82751
-1.10332
-0.496133
1.39365
-0.166636
-1.00241
0.874704
-1.20191
-0.0322029
0.276686
2.60091
0.417034
-0.802532
0.716901
0.62157
1.50484
-0.240095
1.00262
0.0233952
-0.665271
-0.00371728
-1.451
0.76567
-1.59779
0.994769
0.00688646
1.8914
-0.310139
1.59263
-1.4143
1.74993
0.0464381
-0.707841
-0.339687
0.307423
-2.47962
-0.250569
1.93473
-0.890225
-0.959353
0.96062
0.679987
-0.412998
-1.30011
0.918284
-1.86986
-1.43727
2.15552
-0.290286
1.16038
0.206898
0.02163
-0.00331304
1.28182
1.97811
0.254703
1.45922
0.0492747
-1.12815
-0.705543
-2.24294
1.72864
-0.427748
-1.75428
0.369851
0.135366
0.361351
-1.4404
0.831713
-0.680433
0.140189
0.495983
1.1015
-0.240877
1.42636
1.20564
0.576486
1.40657
-0.590209
-1.70991
-0.607196
2.55731
-1.48187
0.909918
-1.19726
1.35657
0.596474
1.33746
0.340579
0.198817
0.828959
0.298857
-0.235735
-1.41099
0.761836
-0.396323
0.43957
-0.729251
1.05399
-0.50451
1.42523
-0.443436
1.40039
-1.09421
1.78204
0.0147108
-0.337191
0.0247104
0.665431
-0.212628
-1.76837
-0.578573
1.00009
-0.21094
-0.112229
-0.48585
1.47052
0.609078
0.263998
0.964222
0.574567
-0.0489907
0.302199
-1.01448
0.364307
-0.307214
-0.404715
0.190266
-0.0465927
0.740986
0.969381
-0.264017
0.206505
0.892767
-0.797036
-0.844625
1.58436
0.838761
0.597654
0.0606329
-0.786789
2.51043
-0.156761
-0.189345
-1.6082
-0.736673
1.16236
-1.66256
1.16059
0.814887
0.532052
2.36613
0.79755
0.565535
0.463574
-1.04093
-0.225704
0.758945
0.728107
0.440012
1.33114
-0.653624
-0.590347
0.421919
0.265107
-0.758394
-0.621349
-0.124504
-0.921413
1.21657
-0.108268
-0.557308
0.897211
-0.889605
-0.253622
0.202001
-0.202732
-1.26144
0.645708
-1.36319
-1.85536
0.442895
-0.891557
1.09801
-0.864736
0.644714
-1.72998
1.08534
1.02026
1.25178
0.62598
0.998515
-0.822164
0.712982
0.245046
0.071092
0.459146
-0.217134
0.426752
-1.00891
1.06407
-0.185777
0.0482993
0.207049
-2.28898
-0.98629
-0.645609
0.241337
0.691379
1.44208
1.30917
-0.284854
1.61378
-0.421775
-0.703476
0.674846
0.766307
0.581338
1.15801
0.960166
-0.323632
0.682146
2.50866
-1.00652
-0.42733
1.62098
1.05571
0.840408
1.63797
-0.667047
1.43964
0.688493
0.545038
0.5177
0.447831
0.393609
-0.298651
-2.34604
-0.631779
-0.481456
-2.08063
-0.584545
-0.512403
-0.0107968
-0.209866
1.49487
-1.06924
-0.295317
0.373054
1.54066
1.93091
0.705559
0.676729
-0.645166
0.893432
-0.569196
-0.0570133
0.0949013
-0.777979
1.19379
-0.943707
-0.667323
0.468571
0.715495
1.18325
0.261849
-0.54945
0.692437
0.777486
-1.76526
-2.66682
-0.678091
1.47745
0.800569
0.203117
1.69538
1.48211
-0.546902
-0.556993
0.438897
1.07703
0.879575
0.00262903
-0.838968
-2.46154
0.550723
-0.744111
0.923203
-0.140249
-0.140421
0.455467
1.55607
-0.740083
0.406278
-0.317299
0.305737
0.684233
-1.41587
0.347909
1.5445
-0.386694
0.968912
0.29974
-0.954837
1.67772
-0.414167
1.12197
0.0499295
-0.861517
0.91744
1.02616
0.188131
-2.05369
-2.02646
-1.22175
-1.29653
-1.57112
0.142485
0.73933
-0.230826
-1.55137
-0.568649
0.476541
-0.925948
1.13363
-0.0589298
1.87313
0.643297
3.2797
0.74191
1.71811
-0.0171748
1.09825
-0.280168
-0.232675
-1.1802
-1.68534
0.437747
-0.74961
-0.924721
-1.28285
3.66484
-0.18275
-0.711756
-1.07731
0.499783
-0.762466
1.86685
0.0710736
0.313384
0.129386
-0.22359
0.496058
-0.654093
-0.964298
-0.371173
-0.852004
0.299603
1.7
-0.755172
-0.149175
-0.129192
-0.141378
0.398079
0.819754
0.261433
-0.705797
1.68037
-0.270635
0.0816023
0.589692
0.48081
0.371505
-0.111714
-0.0162243
-1.32891
-1.22431
0.186227
-0.0870349
0.62283
-0.211582
-0.203625
1.02821
0.444196
-1.17098
-0.112694
-1.294
1.43667
-1.00554
-0.198637
-0.536073
1.01764
0.253564
-0.768816
-0.28438
-2.1055
-0.996076
-1.09016
0.0860925
-2.57614
-0.459356
-0.819797
-0.966207
0.562445
0.994306
0.51466
1.40289
-0.362987
-0.854209
-0.612341
0.0664742
-1.56701
-1.09019
0.31677
0.79839
-1.72885
-0.442487
0.280847
0.362837
-0.109012
-0.932739
0.0285071
-1.48031
0.414431
2.04874
-0.624573
-1.56001
1.86069
-0.253317
0.0211916
-1.18211
0.378516
1.57231
0.526792
-1.73614
0.789595
-1.42104
0.522044
0.246877
0.424282
0.694235
1.18225
-0.984308
-0.886295
-0.779311
-1.37179
0.636298
-0.127473
1.06444
-0.56606
0.532469
0.469797
-1.5538
-0.619166
0.319285
0.255262
-0.524719
0.284108
0.618525
-0.00675629
0.473196
-0.208019
-0.459516
1.86364
-0.495531
0.119479
-0.635556
-0.42084
-1.53944
0.40667
0.21614
0.31209
-1.46236
-1.21288
-0.0485384
-0.401806
1.63598
-0.573546
0.1755
1.39541
2.2579
-0.640496
0.077081
0.302676
2.36134
-0.759306
-0.476998
-0.980196
-0.236688
0.637481
0.576954
-0.407013
1.32959
-0.491905
-0.772512
-1.6083
0.0276202
-0.0197589
-1.03118
2.34087
-0.315569
0.0400138
0.287168
1.84025
0.411841
1.65345
0.548132
-0.245725
0.0474016
-0.949782
0.323937
1.28671
-0.927733
-0.612302
-2.01984
2.45125
0.0281671
1.11506
0.323141
-1.02863
0.72175
0.656155
0.455187
0.421832
-0.135716
-1.45017
0.958734
0.887458
-0.103928
-0.597483
2.30305
-1.36863
-0.218994
-0.312753
-1.78559
-0.277461
0.0416598
-0.785209
-2.42907
1.56244
-1.01156
-0.4229
0.0531736
-0.683562
0.905097
-0.221121
1.56683
-0.790826
0.258625
-0.685793
-0.0790722
-1.23529
0.297684
1.06362
0.864875
-1.67572
-0.302476
-0.0976635
0.410418
-0.837759
-0.886664
0.460359
-1.16438
0.248477
0.49279
-0.222724
-1.2618
-0.91145
1.13667
-1.15871
2.14797
-1.83677
0.722718
1.23361
1.02716
0.348183
0.633376
-1.78758
-0.736084
0.782909
-0.563071
-0.490516
-1.35449
0.393889
0.656593
-0.168356
-0.393703
-1.37458
1.02387
1.08274
0.348857
-0.844501
0.305991
0.0095313
2.06161
-1.02555
2.56294
-0.762798
1.01009
0.285441
0.654749
-0.0495212
0.493331
0.674596
-0.0978587
0.67135
-0.0604208
0.522027
0.761129
-0.644423
1.31167
0.713649
-0.272361
-0.220957
0.73319
-0.633921
-1.43273
0.159285
-0.106826
-1.274
0.922573
-1.261
-0.837547
-0.276015
1.05115
0.5732
-0.618312
-1.11894
-0.023523
0.917412
-0.98241
1.09005
1.14338
-0.391875
0.0882257
0.794702
-0.198387
0.911964
-0.134206
1.49383
-1.03679
-0.274396
-1.16935
0.104302
0.139213
0.155928
-0.169753
0.635298
-0.835706
0.471341
-0.850222
0.058084
-1.06964
-0.641891
1.12622
-0.292849
-0.0529206
-0.226257
-0.624443
1.09022
-0.155854
-0.37129
-2.0493
-0.596361
-0.386043
-0.707968
0.111337
1.25171
-2.22861
-0.261408
0.617307
0.993364
-0.0762024
-0.598977
-0.38905
0.0463832
1.36901
1.35376
1.99901
-0.931866
-0.375052
0.0212603
-0.478401
-1.21551
-0.932298
-0.447049
-0.339428
0.0604033
0.181619
0.774521
1.00096
-0.240968
-0.487325
0.733885
-0.108697
0.418418
0.945629
0.372609
-1.1389
-0.241631
0.523711
-0.769995
-0.638921
1.18131
-0.231831
-0.491659
-0.0861157
0.416764
-0.0282474
-0.768507
1.68456
0.245089
2.0312
-0.927986
0.398784
-0.45244
0.384125
-0.051939
0.060593
0.517242
-0.316378
2.10952
0.306485
0.291006
0.0235128
-0.682528
0.820866
-0.317154
0.996394
-0.886993
0.776405
0.609711
0.712698
0.0485152
-0.126438
-1.53059
-0.0632597
1.31086
-1.08646
0.422756
-0.407364
1.3344
0.462301
0.246169
0.591856
-1.33708
0.130024
-1.51424
0.498692
-0.176248
-0.0201949
0.854019
-1.39556
-0.431621
0.144052
1.88564
-1.32073
-0.744217
0.754364
0.502528
-2.73129
1.20612
-2.05753
0.446718
0.552252
1.26517
1.06905
0.0171511
0.632728
-0.92906
0.704401
0.434664
-0.577094
0.325166
-1.33487
-0.252911
0.537405
-0.904003
-0.682192
-0.10895
-1.29759
-0.897818
1.20066
0.307848
0.488802
0.0140715
0.106358
-0.897709
-0.930578
-0.931745
-0.669368
-0.264919
-0.656176
-1.09427
0.361328
0.873526
-0.306359
1.40458
-1.83188
0.506793
1.56265
-0.604018
-0.513135
-2.30619
0.226642
0.542352
-0.845974
-0.163878
0.563868
0.309881
-2.36214
0.728331
1.10087
-0.434356
-0.297208
0.883023
-0.167991
-0.288365
-1.04262
-1.08121
-1.09418
0.523153
1.35444
0.722599
0.62992
0.51823
-1.25336
-1.08079
1.83677
-1.00238
-0.329518
-1.03173
-0.887346
0.917239
-0.0386361
0.505874
-0.829489
-0.0243036
0.558372
-0.241638
-0.111303
-0.20596
-0.377134
1.18169
-1.61208
0.00811124
-0.763478
-1.01067
0.0461617
-1.25136
0.0105309
0.42967
0.254669
0.736496
-0.261026
1.14769
0.241989
-1.83683
0.683193
0.237736
0.428869
-2.00888
-0.59862
-1.13535
-0.0792965
-0.210231
0.240619
-0.735239
1.18472
-0.194098
-8.27569e-05
0.91993
-0.330829
-1.37984
0.00218259
-1.48429
-1.83974
-0.202885
-1.21521
0.703862
-0.31883
0.58559
0.244487
-0.0984477
0.46833
-0.0517831
0.539974
0.761599
0.517773
0.215422
2.26768
2.03494
1.65874
2.51016
-0.52105
-1.06393
1.33329
-0.230503
0.719045
0.14174
-0.22158
1.84557
-0.102394
0.394134
-0.760559
0.53466
0.0227769
0.7829
-0.0237395
1.14563
-0.369101
0.963075
-0.144174
-1.268
0.522346
0.921727
0.230691
-0.709708
-2.67612
-0.0222439
-0.536041
-2.05985
-0.788731
0.5927
0.813888
0.536505
-0.459909
1.71678
0.208259
-0.945648
-0.326116
1.18304
1.22131
1.38834
0.231609
-0.695359
1.07747
-0.442949
-1.19223
2.05268
-0.413154
1.13199
-0.179507
-0.273431
-0.0681454
0.00807595
0.684078
-1.6363
0.114728
0.919593
1.64836
0.841952
0.0437681
1.40932
-0.830361
-0.449646
-1.90378
1.09961
1.3297
1.4453
0.271388
-1.82015
-1.34591
-0.18071
-0.72665
-0.736181
0.824789
-0.939524
0.94258
0.0473432
0.880679
0.55025
-0.736044
-1.39452
-0.958092
1.70047
0.805164
0.740722
1.22121
0.617038
0.461734
0.183765
-0.432159
-1.64221
-1.28246
-0.34475
-2.04471
0.365717
-1.09214
0.883059
1.3127
-0.907968
0.44409
-0.284467
-0.317395
-2.45444
-1.52307
-0.0298619
0.299797
-1.05045
0.17645
0.398891
1.14022
-0.12093
0.860594
-0.357645
1.02542
1.44976
2.88131
1.86492
-0.317419
0.705732
1.04318
1.085
0.978926
0.779202
-0.320414
-1.02696
-0.503569
0.687093
-0.825692
-0.73011
-0.848953
0.540279
0.146314
0.0834415
0.405575
-1.20389
0.728399
0.164324
-0.832634
-0.100441
-0.770292
-0.560219
1.17635
0.863664
-0.0890293
-0.125494
2.97713
-1.15384
0.663075
2.4007
0.84055
1.81561
-2.15218
2.28372
1.60973
0.914936
0.560733
2.09033
1.45243
0.72755
1.15791
-1.70322
-0.49581
0.382438
0.111586
-1.97886
-1.10629
1.00584
1.30541
-0.539902
0.133337
-0.10998
0.823794
-0.207369
-0.693372
-0.497189
2.19256
1.21087
-0.821904
-1.40646
1.13497
0.621398
-0.61173
-0.44394
-0.553873
0.614944
-0.0650941
-0.51877
-1.1955
-0.025795
-1.12363
-0.17114
-0.0826605
0.231095
-0.88828
1.04095
0.0229447
-1.13628
1.64451
-0.144448
-0.43533
-0.62216
-0.612657
-1.30849
-1.31369
-1.48683
0.111922
1.602
-1.31867
-0.875569
1.03395
-0.843144
1.71317
-0.271694
-0.520878
-0.795035
-0.498833
-1.7599
0.714297
-1.04754
-1.91009
-0.247875
0.482842
-1.55404
-0.0271622
-0.98263
2.15089
-0.142134
-0.0022548
-0.0934473
-0.899414
0.102919
-0.369841
-0.326685
-0.0255471
1.28844
0.298047
-0.0348927
0.782287
0.512186
-0.649712
0.408834
-1.8278
-0.719833
0.451859
-0.198445
1.01124
0.818787
1.55526
-0.788885
-1.52343
1.35729
1.14262
-0.619169
-1.71885
0.289285
0.704253
-1.78662
-0.316033
0.458077
1.42949
1.52087
-0.0612583
-0.271627
-0.611223
1.15377
0.592594
-1.61861
-1.2542
0.898687
-1.42214
-0.171863
-0.521606
0.373951
0.42103
0.689505
3.4336
-0.836806
-0.318007
-0.425083
-0.970588
0.317719
-0.0568357
-1.31939
1.38032
0.337931
-1.10469
-0.837726
-1.26728
-1.21441
1.14644
-0.466273
-0.149984
0.00489342
-0.769397
-0.472007
-0.208836
-0.533261
0.0594096
1.5131
1.29247
-0.729303
0.290296
-0.55851
1.01642
0.713046
-1.17152
0.191355
1.26938
0.710581
1.38285
1.28749
0.570441
-0.770032
0.439467
-0.490173
-1.48139
-0.104401
-0.439135
0.266796
-0.427171
0.379251
0.128647
-1.97395
0.547727
1.13392
-0.0887544
1.08597
1.35895
-0.180904
1.44788
0.720661
1.45671
1.92142
-1.12374
0.512129
2.20382
0.143573
-1.89498
-1.03044
-1.83028
2.79572
-1.71247
0.458684
0.534149
-0.249713
-0.264055
-0.143237
-0.142089
-0.0674637
0.436516
1.33436
0.180629
-0.0993217
0.858676
1.6676
0.416352
-0.590786
0.679106
0.941485
0.00364458
-1.31845
-0.348889
-0.281723
-0.294877
-0.0519271
-0.590123
1.0988
0.390716
-0.968694
-0.553914
-0.485495
-1.43543
-0.831737
-0.566669
0.0850678
-1.34174
-0.137365
-0.252741
-0.59857
-0.844635
0.269489
0.374038
0.355265
2.01891
-0.114786
-0.496686
-0.549216
-0.750348
-0.259716
1.6243
0.00105747
-0.775184
-1.03114
0.665582
-2.25211
1.54921
0.306095
-0.949692
-1.79346
-2.95003
-0.260625
-1.69763
2.48457
0.451508
-0.341662
0.689918
1.35582
0.665316
-1.0535
0.0518819
1.09219
-0.958517
1.29348
-0.24347
0.172063
-1.91649
-0.767511
0.416445
0.568487
0.448631
-0.546994
2.14006
0.385537
-0.190605
0.517767
-0.179309
-0.177605
-1.35883
1.38664
1.48188
-0.0405578
-0.210064
1.14024
0.92252
0.10036
-0.268071
-0.999613
-0.183658
-0.834782
-0.0530883
0.796702
-0.976397
-0.317108
-0.661281
-0.609308
0.421649
-0.789347
0.823005
0.11314
-1.09367
0.596194
-0.0291872
-0.10726
-1.03501
-0.476252
0.893625
1.10178
0.53189
-0.698049
0.690074
0.191001
-0.859986
0.256575
-0.289322
-0.674337
-0.260187
-0.731276
0.197478
0.353906
0.98343
1.82798
1.38865
1.50147
-0.0514191
0.454498
-0.19208
2.00458
0.760664
0.632902
-1.84561
0.798101
-0.0599086
-0.645616
0.696261
0.385885
0.867227
-0.0392741
-0.922135
-2.25448
1.7955
1.11516
0.412656
0.716835
0.127613
0.857836
-0.473449
-0.904353
0.119247
0.297972
0.320065
-0.920048
-0.480558
1.09267
-1.09292
1.37788
1.16634
0.486108
0.346065
-1.20056
-0.820121
0.400235
-1.00843
2.30559
-0.0847625
-2.27728
-0.784906
1.45893
-0.53217
-0.404481
-0.148515
-0.984472
-0.0135668
-0.756019
-0.700105
1.17485
1.12932
-0.902098
0.0651014
0.103839
-1.16256
-1.71532
-0.597359
-0.518808
0.212087
-0.511378
-0.0451638
0.262398
1.03458
0.206535
0.335963
0.413087
-0.883387
0.582513
-0.632894
-0.183875
-0.207291
-0.794963
-0.438246
0.109294
-0.0087957
0.896259
-0.581354
-0.0614655
-1.73076
0.265215
0.33921
-0.441805
0.0620416
-1.3162
-0.269653
-0.805052
-1.06477
-0.642759
0.215708
1.07458
1.14704
-0.591843
-0.317779
-0.73449
-0.704348
0.443081
-1.49133
0.857812
-0.0769538
2.29249
-0.180768
-1.01389
-0.222648
-0.614783
-0.808002
0.962996
0.412867
-0.371715
2.02196
0.272248
-0.406578
0.975432
0.468144
0.183284
-0.388814
-1.24559
-0.615279
-1.27248
1.32251
-2.14177
-0.86673
-0.0405254
2.04297
0.0353332
-0.355445
0.584194
1.60365
-0.146797
0.105807
0.743187
1.51066
0.580896
-0.986624
1.08607
-0.440484
-0.442659
0.346047
-0.677855
-1.12984
-0.0677308
-0.304519
0.679959
0.53771
0.533857
1.66691
-0.47966
-0.896863
-0.859118
1.31477
-0.0670948
0.546461
0.53451
-0.119477
-0.381325
1.96992
0.48079
-0.675901
1.50324
-0.025826
-0.813181
-1.4618
-0.760242
0.684347
0.621517
0.312029
0.308705
-0.147237
1.11815
0.784856
1.41851
-1.61805
1.5382
0.090733
-0.583643
0.513524
0.57855
0.497566
-0.793924
-1.46512
-0.814103
0.584323
-0.34791
0.532412
0.103114
-0.0134876
-1.14278
1.31892
-0.30381
-1.34768
1.56202
-0.44181
0.173074
-0.437791
-1.03568
-1.29193
-0.900557
1.07881
-0.725466
-0.104375
-0.38983
0.360695
1.26817
1.07715
0.168629
-0.757676
0.141085
-0.552916
0.599358
1.28991
1.4496
-1.08426
0.572114
0.177005
-1.25625
0.965788
0.334946
0.856722
0.214111
-0.643139
-0.760411
-0.126486
-0.234752
-0.803843
-0.00568466
-0.0783257
0.0266467
-0.843056
0.142425
-0.850129
-0.726702
-0.576671
-0.585394
-0.526003
-1.68478
0.414671
0.251072
-0.224794
-0.705722
0.107567
0.0955939
0.299436
1.57592
-0.67701
-0.401413
1.40782
0.0989006
0.29932
-0.805726
-0.197465
0.085681
1.09521
-0.229387
0.663165
0.845258
-0.262261
-0.275448
-0.785628
-0.59794
0.224365
-1.32943
0.892989
2.94839
0.112392
-0.0860385
-0.0657667
-2.02218
1.4921
1.00369
-0.544698
0.414922
1.10185
-0.687838
-0.782158
1.83375
0.49038
-0.49757
-0.75303
0.208537
-0.78381
-1.01095
1.44573
-0.567992
0.168928
0.379824
-0.0672194
0.699939
1.21834
-0.110132
0.474795
0.0554418
-1.56847
0.403853
-0.509283
0.110473
0.0535436
-1.85256
0.966351
-0.847958
0.310061
-1.26712
-0.0513331
-0.977589
-0.0591944
-0.120198
-0.923196
-0.155869
0.401893
-0.461119
-0.438385
-2.18571
0.414936
1.26132
0.588799
-0.182524
-0.358458
1.21854
0.0393791
-0.731001
0.0218823
1.40915
-0.731143
-0.793396
-0.333363
2.27668
-0.184135
1.22146
-1.05375
1.31947
-0.725123
-1.02993
-1.42107
-1.18846
0.357201
-0.775789
0.738975
-0.549743
0.169991
-1.6809
-0.14451
-2.67008
0.263394
-0.633635
-0.396056
-0.874634
0.183689
0.154379
0.891377
1.35259
0.118789
-0.993719
-1.27963
-1.02518
0.949364
0.377162
-1.38496
0.948031
-0.234543
0.511061
-0.661141
-0.930302
0.700253
-0.672355
-0.780425
-0.173386
-2.9358
-1.09435
-0.777831
0.162529
-0.544463
-0.815363
-0.0697548
0.38529
0.316827
-2.11655
0.449021
-1.396
-0.438026
-0.340229
-0.814778
0.0367074
-1.06408
-2.01506
0.315433
0.200619
0.416011
1.85254
0.101933
1.1817
1.34507
-0.179067
-0.559166
0.204589
-0.171597
-1.12524
-1.30012
-2.72302
-0.269233
-0.156155
-0.764413
-0.491739
2.07261
-1.4181
-0.606985
1.02955
0.35866
-0.402441
-0.537366
-0.512056
0.400808
-0.238838
-1.38604
-1.3436
0.197787
0.450321
1.99639
1.00273
0.0956532
0.555937
-0.261718
-1.19477
0.864113
-0.727298
0.97216
-0.796207
0.650781
-0.710062
-0.0310312
0.981169
-0.494364
-1.34132
-0.589267
-0.0433058
-1.83297
-0.818065
1.03095
0.215342
0.94171
0.47182
-1.62778
-0.714507
-0.319301
1.09877
-1.2844
-0.93223
0.904978
1.05034
0.571069
-1.23494
0.568097
-1.84295
-1.76168
0.718822
-0.254205
-0.0628686
0.025673
-1.02152
0.347972
0.0698941
-0.309695
0.660264
0.563389
-0.61251
0.316754
-0.783658
-2.85192
-1.02717
1.24863
0.327666
0.0290132
0.954528
-0.324194
0.910498
-0.105491
-0.800045
-2.08587
0.619251
-1.58838
1.03298
-0.62028
-0.160348
-0.575394
1.33776
-1.24003
-0.318442
-0.660615
-1.00154
0.223373
0.869152
0.792667
0.350204
-1.38854
0.354208
-0.181455
0.693544
1.31381
-0.0492591
0.0501517
-0.0828276
0.789282
-2.0446
1.34208
-1.56399
0.130228
0.189625
-0.684736
-0.0787632
-0.0498105
0.88393
0.387902
0.278532
-0.536588
-0.0893406
-0.583449
0.426163
-1.07854
-1.03514
-0.613922
-0.281817
1.8637
-1.07615
-1.45024
-1.38162
-0.865192
-0.113819
-0.71137
-0.867713
1.26528
-2.01097
0.953223
0.102449
0.363661
0.0860854
-1.62921
0.881628
-0.048329
-0.799622
0.429267
-0.770932
-0.641916
1.80589
1.35038
0.942734
1.67831
-1.19034
-1.82629
0.744719
-0.145245
-0.209628
-0.441488
1.07786
0.449227
0.0885331
-0.0222147
-1.30559
-1.32842
-1.18804
-0.449783
1.56074
0.430977
1.30845
0.242112
0.7785
-0.300999
-0.511291
1.4295
-0.48539
-1.79006
-0.942014
0.0328357
0.833727
0.677029
-0.585863
0.455032
0.863366
-0.174461
0.312379
-0.417013
1.07767
0.100057
1.14503
0.706021
-1.33395
-1.89969
1.07017
1.26252
-0.106843
2.29883
0.739251
-0.0352174
-0.068035
0.880443
-0.548471
0.476891
0.301654
0.00974491
0.264114
0.494377
1.51908
0.74327
0.0258091
0.855234
0.560609
1.58261
-0.694909
0.250183
0.74839
-1.09444
1.49486
0.0334262
0.814714
-0.127177
-0.130128
0.185121
-1.08853
-1.37997
1.40467
0.747454
0.20665
-0.565018
-1.41403
-0.055477
-0.77013
0.202994
0.267862
1.44634
-0.718111
0.169841
-0.343586
1.38799
0.81587
-0.336568
0.526919
-0.632599
1.3947
-0.275594
1.75493
-0.673217
-0.909585
-1.1264
-0.716132
-0.202177
2.909
-0.980167
0.259463
0.704964
0.678096
0.720507
-0.680879
2.54936
1.1297
-1.31473
-0.0588523
-1.08974
-0.597876
-0.865866
-1.05443
-0.780292
-0.561189
0.0866953
0.975543
-1.04913
-0.414079
0.863054
-0.964871
0.490219
-0.00520609
-0.567134
0.128531
-1.21247
2.9134
1.73946
1.06504
-1.36805
-0.962197
-0.761001
0.336461
-0.657534
1.21787
1.08013
-0.522281
-0.151503
-1.09518
1.17814
-1.82208
0.972864
0.239979
-0.380529
0.207193
-0.335937
-0.972145
0.207203
-1.89318
-0.828595
-0.180697
1.09279
0.586547
0.474223
-0.391687
1.35729
-0.738726
-1.48238
-1.59764
-0.643006
0.164523
-1.74983
-0.968724
-0.636737
-0.677393
1.59826
-1.26721
0.0233905
-0.32691
1.91207
-1.24598
2.38241
-0.728392
-1.02005
0.0178165
-0.196965
-1.21111
1.24671
1.43075
-2.02098
-2.21907
1.58944
-1.66768
-0.520703
-0.555969
0.128273
0.90966
0.626551
1.23777
0.964137
0.784121
-0.833931
-0.279223
0.265553
0.530173
2.19182
0.922978
0.768166
0.577625
-0.605347
1.45154
-2.69359
0.0306297
1.58223
-0.994857
1.1616
-0.362535
0.218517
0.0450485
-1.52975
0.474894
-1.2939
0.445406
-0.299614
0.375341
-0.0199914
-1.38437
1.77853
0.0802994
-0.13538
0.244189
2.05424
-0.291308
-1.0104
0.187859
-0.77837
-0.999397
-1.15582
0.277291
0.690327
-0.429553
1.54305
-0.472855
-1.664
-1.21804
0.309526
-0.13867
1.50481
0.680435
-0.940595
-0.722123
0.0598421
-1.31733
1.0868
-1.42549
-0.441828
-0.989159
-0.393256
-1.8655
1.04981
-0.910001
-1.30255
-0.684988
0.495134
-1.22505
-0.208263
-0.225363
-0.871776
0.985231
1.08694
-1.47385
2.18827
-0.626444
0.957837
-0.721297
-0.496631
1.18954
-0.0133838
-0.301739
0.84005
0.847291
1.67638
0.0113905
0.383269
0.286899
0.533785
-0.713582
-0.851954
-1.39818
-1.35897
-0.439534
-0.338076
1.84354
-0.610202
0.817068
-0.516647
-0.714449
-0.12061
-0.9055
0.241878
0.351275
-0.699689
0.361944
-0.899279
-0.559911
-1.04138
-1.52801
0.837446
-0.550787
-1.28612
0.835394
-0.998285
1.44037
1.01028
-1.33506
0.551528
-2.61797
-0.271478
-0.409197
-0.368653
1.80409
1.04232
-0.00698136
-0.998663
1.12596
-1.04313
-1.67267
0.0236035
-0.29468
0.754725
-2.01318
-0.125392
-0.32849
-0.185988
-1.53881
0.567688
0.932791
-0.00888368
0.625415
0.718665
0.838196
-1.02746
-0.741429
-1.11168
1.22051
-0.0781309
-2.72556
-1.0612
0.962525
0.588838
0.763597
1.13508
-0.242982
0.288662
-0.240763
-1.12723
-1.23159
-0.492255
0.555613
-1.35678
-0.19663
0.322146
-1.36595
-1.20448
-0.3562
1.24029
1.13785
-0.538312
-0.883109
0.626491
-0.273945
1.814
-0.0997711
0.904098
-0.68612
0.257249
-0.741962
1.21332
0.74686
1.14954
1.79818
0.267981
0.347009
1.41638
-0.359216
-1.46793
-0.299254
0.936217
-0.0323203
0.273849
0.171905
-0.668866
0.0111249
0.750994
-0.083054
-2.31091
-0.100073
0.584616
1.28509
0.874085
-0.120158
0.33953
-1.85179
-0.64699
0.111752
0.747122
0.840617
0.402704
1.02335
0.673961
-0.451931
0.0439197
-2.09874
1.16554
-1.10005
-1.50375
1.21606
1.7922
-0.0839538
-1.20512
0.430843
-0.55033
-1.55226
-0.964754
1.16608
-0.986725
-0.966754
-2.03977
0.878701
0.376807
1.94626
-0.0246948
1.2097
0.140865
-0.0634794
-0.537355
-1.3863
-1.34056
-1.74501
-0.174209
-0.922291
-0.641081
-0.664868
-0.476459
0.569434
0.0551076
0.446984
-0.46559
-1.17945
0.654052
0.0501784
-0.159368
-1.65598
-1.04818
0.488635
1.18446
0.745125
-0.363903
1.06666
-0.624276
0.226946
-1.60261
-0.38329
0.656486
-0.0907133
-0.927465
0.0577143
-1.26373
2.04674
1.17311
-0.635596
1.02583
-0.572912
-0.66581
-0.437444
-0.332385
1.62246
0.128222
0.748481
-0.13948
0.26888
1.40388
-1.76661
2.63948
-1.49338
0.759273
1.38695
0.221037
0.465908
0.104245
-1.60456
-0.058344
-1.00854
0.741695
-0.597742
-0.0448425
-1.20502
0.649969
-0.360873
-0.499269
0.383997
0.44859
-0.840344
1.2242
-0.833058
0.913514
0.18588
2.04808
1.47631
1.58992
0.288855
0.588006
-0.0967925
0.479543
0.465089
0.511645
-0.803152
-0.623022
-1.24428
-0.755913
0.902995
0.856374
0.180506
0.853821
-0.0234704
-0.690815
-1.58432
-0.471951
-2.1366
0.713294
-0.96305
-0.509541
0.848849
0.779679
1.08187
0.06225
0.977465
-0.219281
0.139984
-1.94987
-0.897793
-0.90586
-0.45003
0.281369
-0.693943
1.06207
0.414424
-1.20033
-0.265943
-2.09253
0.778134
-0.274504
0.0259621
-0.334047
0.524519
1.27617
0.350724
1.12754
-0.881682
-0.695282
-0.350406
0.559946
-0.0596201
-1.55361
0.639632
-0.601281
-0.463785
-0.822448
0.981834
0.473313
0.136636
-1.24329
0.216513
0.561748
0.41434
-0.167524
1.08745
0.355425
-1.53241
-0.237962
0.0597617
0.954228
0.95357
0.578569
-0.303839
0.608994
-1.88967
-0.889241
0.747979
-0.293503
0.912203
-1.62807
-0.280347
1.21461
1.30152
-2.25323
-1.29155
0.638099
-0.0460877
-1.14479
2.39915
0.375197
-1.18842
0.0557126
1.06927
-1.76352
0.464175
0.507557
1.80744
0.306417
-0.118764
-0.145612
-1.41074
0.154508
0.678063
-0.318335
0.982689
-0.821166
-0.487126
0.0512618
-0.620066
-0.833496
-0.610136
1.38005
0.98908
-0.446281
1.05677
-1.36563
-0.33642
1.05864
0.858559
0.0468819
-1.18376
-0.146307
0.630577
-0.878475
1.69977
0.72392
1.50567
0.467491
1.03549
-0.321361
-1.31076
0.289278
-0.748988
-0.378716
0.197126
0.138329
-0.627033
-1.58853
-1.97488
-0.00120823
-0.809836
-0.487158
0.254362
2.39901
1.13668
-0.164167
-1.53908
-0.308843
1.80167
-0.881124
-0.0620216
0.476864
1.0256
0.547475
-1.80156
0.85338
0.62273
0.42709
-1.58489
1.31132
0.499574
1.23034
1.0068
0.234987
-1.07078
-0.147879
0.48143
0.093116
-1.43446
1.0456
0.315618
1.24745
0.384808
0.893169
1.1187
-0.973372
1.19074
-0.219149
-0.287806
-0.769516
0.0937589
0.353871
-0.662793
0.760804
0.0368688
-1.14231
0.295474
-0.784005
-1.65919
-1.52035
-1.16526
0.387284
0.68807
-1.59275
-1.86686
0.262399
0.22606
0.171116
0.0334532
0.00527826
0.329919
-0.262388
0.871385
-0.874198
0.895582
-0.626971
0.434283
0.831649
-0.891207
1.30946
0.53257
-0.717355
-1.48825
0.897676
1.07799
-0.938592
-0.129502
0.321875
0.491107
1.47272
0.880505
-0.306126
-1.86343
-1.31066
1.59563
0.315401
-1.52537
1.23402
1.1343
-0.834536
0.533115
0.288334
-0.128564
1.77556
-0.652592
-0.794184
0.734984
2.23373
1.88401
0.29986
-1.47055
-0.912796
0.408076
-0.963467
0.434989
2.09921
1.47666
1.31238
-0.392135
-0.466252
-1.46019
3.22624
-0.806627
1.31123
0.916056
0.187455
-0.366189
-1.25505
-0.313501
1.17813
0.183759
0.151807
-0.0341281
1.55915
-0.624128
-0.586326
0.103199
0.485228
-0.373172
1.93169
0.99302
-0.960371
-1.15883
1.13358
-0.723094
0.308854
-1.23721
0.509777
-0.0504397
-0.606096
-0.332127
-0.0961581
-0.495398
1.8066
-1.28657
-0.156798
1.38404
-1.87547
1.39069
-0.505027
0.907665
-1.24908
1.18096
-0.284573
1.07301
-0.0791608
-0.509735
0.700407
-0.047783
0.174562
-0.737125
1.66522
-0.0357369
0.500786
2.65497
0.812743
-0.901676
-0.662058
-0.0291626
0.5187
0.635615
-0.123045
0.934184
-0.419152
-0.956615
1.88739
0.890941
-1.38607
-0.818716
1.46642
0.890991
-0.0501853
0.723151
0.517338
-0.546684
-0.644339
0.968109
2.14525
0.158213
0.766577
-1.41671
-1.17744
-0.675324
-0.388969
-0.172984
-1.27964
1.08876
-1.82568
1.30724
0.284221
0.0411818
-0.135668
-0.257649
0.474005
-0.578954
-1.43158
-2.19607
-0.663359
-0.169815
-1.05979
1.60124
-0.270317
-1.29445
0.0992046
0.556646
0.256195
-0.719498
0.902733
0.162197
-0.397595
-0.973613
-0.102428
-0.23833
0.656419
-1.18996
0.032259
0.316513
1.17552
1.08179
0.559808
0.861704
1.60552
-0.109135
-0.735805
0.0486816
-0.533498
-0.613575
0.678406
1.11395
-0.950016
-0.377218
1.44835
0.181001
-0.652162
0.438722
0.381106
1.24924
0.165055
0.38202
-0.631998
-0.685797
0.928969
-0.524239
0.684033
-0.515493
0.0821084
0.0463601
1.12328
-0.94662
-1.15876
-0.581367
2.10339
-1.28703
-0.926756
0.27325
0.791034
-1.69261
-0.760615
-0.698751
0.677443
-0.496634
0.744307
-0.955534
-0.155758
-0.433479
1.58292
-0.815944
-0.443739
-1.19737
1.04839
0.772346
-0.750923
1.04362
0.474545
0.504713
-1.17339
-0.278479
-0.750526
-1.44619
2.72611
1.50211
-0.276926
-0.474855
1.42021
-1.22084
-0.435656
0.949172
-2.19831
0.612745
-0.804337
0.593432
2.01942
-2.01727
1.37404
-0.132828
1.01789
0.402778
0.85378
-0.0637779
-0.305727
0.0540612
0.567165
-0.392702
0.490814
-0.852777
-0.117495
0.0982417
1.54326
0.882024
-1.69266
0.700097
1.64438
-1.93449
-1.46206
0.183328
-1.04446
2.41884
0.658947
-1.58191
1.34003
-1.22505
-1.76522
-1.62929
0.5827
-0.290546
1.39599
0.672471
-0.817917
-1.66241
0.270595
0.941659
0.511677
1.99538
0.972238
0.539333
-1.07137
0.0976381
0.963348
-1.48281
0.334179
-0.27519
0.494209
0.134012
-2.00307
0.223259
-1.0021
0.720668
0.542102
0.194594
-1.856
0.631456
1.88025
-0.499183
-0.22409
-0.296489
1.97305
0.298087
-1.65327
-0.0219806
-0.615282
-0.608458
1.59259
0.995707
0.319955
0.541795
-2.25159
1.28915
0.517267
-0.144214
-0.905925
-0.0670012
-0.847888
0.78692
-0.375641
0.985713
1.16341
-0.155822
0.28656
0.483472
0.994207
0.548605
0.686743
-1.74861
0.564685
1.60176
-0.0752435
-0.271724
-1.31423
1.00139
0.807574
0.717071
0.462749
-2.847
-1.58911
-0.116116
-0.0610572
-0.593368
1.37893
-0.99045
-1.04407
-1.35123
0.280477
-1.39922
0.0950773
-0.908567
-1.14603
0.386895
0.740333
0.443254
0.205053
0.210912
-0.723155
-0.199705
2.38876
-1.31326
1.88021
-0.767658
0.967616
-0.725199
-0.551529
1.36716
0.92472
-0.500946
0.254786
-1.11106
1.6346
0.642083
-0.0556568
-1.73635
-0.125196
0.794638
1.47777
-0.349312
-1.05956
-1.10712
-1.13121
-1.08038
-1.18337
-1.21488
-0.540315
-0.920476
-0.156032
0.55123
-1.92331
0.469988
-0.142971
-0.354886
-0.988447
-1.3566
-0.381743
0.720972
-1.06097
0.307785
2.98252
-2.42323
-0.774146
-1.56113
0.47684
-1.02688
-0.173644
-0.597347
-0.182428
-0.34097
-0.134892
0.513478
-1.35407
0.0749618
-1.06626
-1.84823
0.745018
0.0529163
-0.0580082
0.62274
-1.17573
0.142638
0.672441
0.80502
0.0675024
0.0922297
-0.535494
-1.23513
-2.43759
0.631154
-1.11909
-0.513372
-0.284731
1.37613
0.52069
-1.65521
-0.50861
0.605156
-0.87565
0.146571
-0.112545
1.08926
0.397491
-0.437323
1.53549
1.56995
0.177634
-0.914789
-0.0342366
1.82326
1.41887
0.169201
0.328825
1.78733
0.207247
0.695038
-1.91944
-0.974352
0.484733
0.663572
-1.15605
-0.569301
1.07157
1.18941
-1.21555
0.387276
1.10608
-1.58887
1.46397
-0.705869
-0.61721
0.281813
-1.70518
-0.786031
-0.307977
1.57411
-0.731871
0.332133
0.31615
0.746649
0.231143
-1.81631
0.265049
0.580317
-1.26082
0.972281
-0.503327
-0.263325
0.488598
-0.25425
-0.119438
0.616906
-1.0473
0.126309
0.798424
-0.626796
0.0595563
-0.0790723
-0.707309
1.70669
0.975235
2.16339
0.200661
1.43531
1.37098
-0.914654
-0.856309
0.0826235
-0.164272
0.109664
0.622936
0.503911
0.00607893
-1.45917
0.42856
-0.154287
0.189697
0.727731
0.68709
-0.194197
-2.54961
1.29118
1.27145
-0.694414
0.71888
-0.980868
-0.0129901
-0.801172
1.27793
0.0261172
0.298321
0.249697
0.0249931
1.22948
0.677364
-0.428419
-1.70781
-1.4744
-0.104456
-0.0357189
0.27419
-0.412655
-1.07423
-1.03067
0.0231125
-0.0985076
1.23972
-0.737195
-0.0856165
-1.38348
-0.217237
1.82842
0.201962
0.06419
1.87937
1.42858
-0.70564
-0.170435
-0.156092
0.382823
1.35374
-0.4521
-0.304108
0.219366
1.50371
-0.974906
-0.258813
1.90073
1.53268
0.685314
1.90572
0.127207
-0.405966
-2.03294
-2.87838
-0.400016
-0.764349
-1.28765
-0.359401
-0.250752
0.400584
0.469667
-0.704356
-0.244202
-0.212334
-1.33753
0.758211
-1.79345
-1.16295
1.63062
-0.230537
0.344584
-0.198376
-0.163167
-0.211794
1.39566
0.108077
0.947877
-0.0332959
0.335294
-1.0635
-0.380723
-0.0507826
0.396721
0.694472
-0.0629406
-1.84614
-1.1173
-0.267609
0.0181843
1.15209
0.218715
-1.41868
-0.260142
-0.89622
-1.42352
1.26695
-2.35608
0.131758
0.578803
-0.69203
1.52629
-0.225128
-0.165473
-0.343956
0.037274
2.56406
0.716397
0.450998
0.597303
0.538014
-0.798061
1.53026
-0.362681
-1.8219
-0.434645
-1.07771
-1.00307
0.523776
-0.953511
-0.217519
-0.433806
1.77029
-0.821909
0.544301
1.51576
0.169077
2.03597
0.630161
-0.562805
-0.969914
-0.86551
0.790545
-0.729413
0.167702
-1.21258
-0.734951
0.660431
-0.997439
0.171493
1.06012
-0.411909
-1.4919
-1.40343
0.160534
0.640001
0.680689
0.450126
-0.347371
-0.787197
-1.36638
-0.445572
1.21186
1.61061
0.390595
-0.461088
1.14938
-0.875124
1.42301
-1.04474
-0.850552
-0.392393
0.750446
-1.79039
-0.348818
-0.797477
1.04771
-0.395653
1.72191
-0.713748
1.12626
0.00595666
-0.4401
0.895612
1.86463
1.34276
-1.44834
1.22214
-1.03903
1.22155
0.35981
1.37064
-1.88921
1.44246
0.485761
-1.01398
-1.27946
-0.232323
0.82537
-0.0384727
1.44418
1.60383
-1.46159
1.85498
-0.124195
0.576152
1.16085
1.25247
-2.49449
-0.57784
1.41409
0.793255
-1.4682
0.125772
-0.985508
2.00827
-0.462804
-1.03488
0.867462
0.750876
-0.815128
-1.10167
1.18187
-0.963237
0.0789719
-0.973549
-0.888868
0.0139739
-0.0539193
1.63541
-1.32111
1.0418
0.844211
-0.6044
-1.0381
-0.0391856
-0.731592
0.707017
1.71313
-0.91053
1.40228
-0.403445
1.2997
0.390767
0.306772
1.79904
-0.453871
-0.274957
-0.050533
-2.14572
0.247672
0.481988
0.748087
1.28003
-0.964264
0.0368047
2.11748
1.18907
0.108004
0.85155
0.0124657
-0.50888
-0.270283
-2.1476
-0.590141
1.23763
1.54368
-0.0257424
-2.05175
0.876064
-1.10154
-0.392088
-0.606556
0.269243
1.81631
-0.45085
1.21256
-0.5311
-0.78191
-0.104936
0.817557
0.708185
0.393738
-0.689383
-1.64296
2.23842
-1.33354
-3.17758
-1.56887
-0.0472135
-2.93167
0.555551
-0.335729
-0.133417
-0.478618
0.692068
-1.41305
-0.0390033
-0.763003
-1.94224
0.488521
1.14866
-0.357747
-0.489624
-0.0231033
0.746765
-1.18823
-0.4132
-0.481236
-1.04668
0.143628
0.0892907
-0.754422
-0.900935
-1.491
-0.664126
-0.174255
0.239983
-0.634565
0.806842
0.446488
1.62009
0.282857
-0.607871
0.585632
-1.5883
-0.307055
0.2506
1.03104
-1.30387
-1.48217
0.655961
3.2268
-0.41276
-0.463037
0.568108
1.95436
2.348
-0.078678
1.56356
0.488776
-0.693831
-0.924043
0.446698
-0.614754
-0.247511
0.102254
1.00273
0.0600488
-0.415065
-0.78059
0.135253
-1.72671
-1.90522
-0.229077
0.853339
-1.795
0.161007
0.00897712
-0.916449
-0.306606
-1.21436
-1.3942
1.42998
-0.823052
-1.23471
-0.238334
2.07429
-0.794451
0.939034
0.292229
1.04056
-0.279743
0.992152
-0.639059
-0.0630025
-0.533244
-0.27517
1.0351
0.438214
-0.295479
1.20053
-0.00554443
1.96667
-1.60621
0.381712
1.52262
0.199721
-0.0258533
-1.51964
-0.76593
1.85651
0.442061
-1.06294
0.213665
1.48348
-0.860799
-0.602752
0.417534
-1.25772
-1.03542
-2.28218
-0.367926
0.222821
-0.236762
-0.562659
0.218817
-0.0349243
0.0816337
-0.127045
0.483524
-0.865306
0.410081
0.537118
-1.12831
-1.57933
-1.44871
-0.655392
-0.58534
-1.00108
0.996846
-0.808616
-0.187918
0.267788
-0.820938
-1.85378
-0.791584
0.557344
-0.371366
1.16944
0.296139
-2.03596
-0.822025
-0.727146
0.552624
-0.381568
-0.894644
-1.54767
-1.56539
0.400334
0.533307
-0.307612
-0.131399
0.514282
-0.869441
1.53247
-0.710974
-0.74463
-1.0838
-0.658494
-1.54611
-0.180781
0.600531
-0.249267
1.03749
-1.029
0.0759524
0.644824
0.655509
0.0832127
0.775481
0.181175
1.75812
0.092885
0.284661
1.80983
0.779934
-0.984064
1.26136
-0.786403
1.38924
0.0660502
1.73194
-1.1791
0.484594
0.753332
-0.293773
0.852948
-0.0406123
-1.76459
0.839603
-0.834777
1.6352
-0.0323985
0.327665
-0.988913
-0.799375
-0.388772
-0.95976
0.544092
-1.34249
0.160556
-1.44027
1.15036
-1.05239
1.77427
-0.258548
0.683403
-0.162379
-1.55183
2.08178
-0.198808
2.78463
0.92793
-0.660316
-1.12446
0.309987
1.93504
0.376491
-0.79507
-0.222504
-0.146414
0.733629
-0.645621
3.08808
1.76508
-0.710829
-2.57657
0.0786114
0.200308
1.20742
0.445834
0.358459
0.580884
0.913513
1.28904
0.152602
-2.25177
1.2174
-0.495228
-2.25556
0.451146
-1.5779
1.45661
0.716567
-0.949836
-0.665187
0.933371
1.71504
-1.35559
0.319383
-0.798421
0.226326
-0.0129909
0.64868
-0.643263
2.67153
-0.118757
-0.867754
0.0541225
0.550094
-1.59528
0.869585
-1.02498
-0.202744
1.38691
-2.00379
1.6481
1.04031
1.44754
-0.609905
0.297183
0.575359
-0.350378
-2.35022
-0.825998
-0.943702
0.555556
0.910936
-0.278543
1.22774
1.25002
-0.614722
-0.472984
1.28993
0.868793
0.387689
-0.289526
-1.37403
-0.248029
0.576218
-0.11738
-1.3824
1.28163
-1.33843
1.18607
0.165855
2.32197
1.67535
1.13736
2.00793
0.0303601
1.47323
-0.180732
-0.0272903
-0.218124
0.772921
1.46624
-0.586656
0.194856
-0.236294
0.374015
-0.5124
0.127811
-0.300491
-0.178314
-2.21906
-0.206658
-0.38583
-0.491032
-0.688508
2.11967
-0.186845
0.165163
0.208764
-0.498443
0.505795
0.619972
0.627382
-0.291653
-0.11784
1.17009
1.41499
-0.644995
1.48578
-0.311859
1.51215
1.30728
-0.949075
-0.0228156
1.71841
0.0679474
0.49896
-0.46383
1.06461
-1.22058
0.772122
-0.504145
-0.475597
-0.194799
-0.372946
0.851268
-0.0756376
-1.67732
0.423838
1.65718
0.93208
-0.893257
0.372337
1.29268
-1.08098
1.60867
1.21321
0.343899
-1.45275
-0.37993
-1.5366
0.32287
0.80247
0.432832
0.420689
-1.03697
-1.72766
-0.149946
0.0917526
-0.754065
-2.5594
-0.711285
0.116986
-2.71815
0.580648
0.675798
-0.546457
-0.575512
-0.888295
0.680023
0.315187
1.31384
-1.59239
1.34163
-0.82222
-0.432459
-1.66113
-0.496169
-0.302819
-0.566667
0.273654
-0.616676
-0.620593
0.81075
1.32781
-0.218192
-1.36174
-0.95951
-0.530105
0.208626
0.754784
-0.666699
-0.747335
-1.09372
0.247318
2.2898
-0.773193
-0.299432
1.0719
0.789527
0.0913016
-1.22203
-0.80133
-0.0911808
0.453501
0.926731
0.0458286
2.38935
0.129601
-0.047351
0.224284
-0.801781
0.395217
0.359366
-1.36616
0.322233
1.95797
0.245928
-0.326982
0.563882
-0.603878
0.0333945
-0.201106
-0.2348
-0.0469708
-1.23263
1.20518
-0.146857
0.952919
-0.786987
0.065213
-1.78988
-1.49881
-1.06481
1.08627
-1.19084
-0.0461579
0.907363
-0.287131
-1.60163
-0.0116444
0.971743
-0.325853
1.74957
0.499602
-0.0478509
-0.178063
-0.64915
-0.282162
-1.1219
-0.315215
-0.0148773
-0.271432
0.878963
-0.4818
-0.469772
-0.289023
0.35444
0.67168
0.33749
0.689518
-1.13377
-0.672974
0.231413
-0.787984
-0.911311
1.58818
0.0980375
0.691428
2.42416
-0.172291
-1.51442
0.554293
-0.662703
0.389178
-0.0751428
0.312355
0.235554
0.619101
-0.0657728
-0.222026
0.390402
2.11102
0.296198
-0.450133
-0.458431
0.816199
-0.359502
-0.307591
-0.0931155
0.283625
-0.361524
-0.471861
0.115778
-0.41535
-0.292348
-0.87417
-1.3197
1.2971
-1.11474
-0.22891
1.81333
-0.963597
0.102321
0.135271
1.03073
-0.63416
-0.0976163
0.479996
-0.97668
-0.837411
1.26364
-0.475258
0.402968
-0.0137702
-0.577547
-0.767031
0.556289
0.0579667
-0.61341
-0.821626
-2.31149
0.372827
-0.12921
0.309427
0.879506
-0.307856
-0.189302
0.329735
-0.921844
-1.218
-0.621278
-0.374774
1.42883
-0.639458
-0.546821
-0.821009
0.543674
-0.680679
0.706931
0.867481
2.1724
-0.560973
0.427417
-0.60102
-1.32511
-0.108903
-0.816704
-0.356147
-1.12705
-1.52434
-0.480466
-1.32706
0.45003
0.212504
-0.300485
-0.145474
0.0614471
1.03887
-0.405918
-0.197975
0.903498
-0.140147
-1.2947
-1.23123
0.95595
0.477345
0.6115
-1.45565
0.717854
0.977117
-0.257496
0.253652
-0.683588
0.375212
-0.943509
-0.622554
0.564999
-0.536202
0.155596
-0.473052
-1.62114
0.190513
1.45504
-1.46832
-0.423171
-1.40621
-0.582837
-0.0702795
-1.21175
-0.781578
-0.0995098
-0.0685165
0.446425
-1.84271
-0.537892
0.310015
-0.962995
-0.159907
0.870108
-0.872002
0.513376
0.347861
1.50646
1.0832
2.11771
0.292261
1.62382
-0.112783
0.593818
-1.27856
-0.518313
0.615988
-0.599276
-0.894579
0.59433
-0.791425
0.0848588
1.27292
-0.436876
-1.38367
0.581912
0.932164
-1.13265
-0.0357992
-0.133643
0.0642555
0.879883
-0.372933
-0.241323
0.368741
-0.109704
-1.09306
0.796873
-1.93641
0.557653
0.667279
0.491135
0.352479
-0.128764
0.449978
-0.623639
0.450926
-0.380708
-0.954888
1.4232
-0.23165
-0.283895
-0.846793
-0.516331
-0.800137
-0.44165
0.767085
-2.4391
0.596001
-1.5243
-0.725604
-1.41889
1.35485
-0.35336
-0.159257
0.583199
-0.938715
-0.254867
-0.384746
-0.814505
-0.993271
0.506568
0.80916
-1.00699
0.760355
-0.0563094
-1.48463
-1.01665
-0.241209
1.06269
-1.51164
-0.737071
0.610217
3.28321
-2.65547
-0.226958
-0.161814
0.479498
-0.632421
-0.293983
-0.145817
-0.278785
-0.49417
0.22457
0.99499
0.736219
1.04088
0.749467
-0.078476
0.0153641
-1.11229
1.50048
-0.621449
-1.11858
1.13719
-1.2962
0.72087
0.0856582
-0.29342
2.23703
0.518397
2.02554
0.254691
-0.658553
-0.889395
-0.0924986
0.395064
0.0875324
-0.348138
-0.719853
-1.0757
0.45236
-0.172506
0.994046
-0.225849
-0.455114
1.16665
0.793682
0.321733
-2.35945
0.120673
1.50093
0.766616
-0.103864
-0.452876
-0.311732
0.773454
0.508994
-0.752292
0.463453
0.0637467
-0.409687
-1.11268
-0.147305
0.988286
0.333593
0.873257
-0.672758
0.704586
-1.17518
-1.18333
-0.384404
0.184859
-0.320975
-0.909511
-1.09402
-0.251228
0.315939
0.660886
2.07819
1.5203
0.310652
-0.528069
0.434291
-0.339728
-3.34274
0.0132813
0.890359
0.922007
0.034263
-0.224797
-0.985294
0.410329
-2.08255
1.80459
0.496581
0.225173
-1.36118
0.0754017
0.248718
1.06875
0.536251
-1.16101
-0.134718
1.76566
1.41564
-0.887194
0.939815
-0.156885
-0.743592
1.29378
1.15789
-0.528101
0.111716
0.389184
-1.77069
-0.862382
-2.07302
0.589951
1.02055
0.423982
-0.761813
1.49631
1.88282
-2.26324
0.956886
1.30422
1.27038
-1.78352
1.37726
-0.350795
0.848211
0.354571
0.224749
1.62348
1.42738
0.0774632
0.840064
0.721859
0.978026
-0.396179
-0.797195
-1.29148
-0.554693
0.467259
1.25307
1.24074
1.09115
0.729013
-1.29672
-2.09851
-1.52052
-0.909441
1.50975
-0.397935
0.227514
1.89408
-0.982758
-0.337167
-1.71734
-0.782765
0.951807
-0.117926
0.419508
0.992662
-0.182128
-1.83345
0.526249
-0.942431
-2.46104
1.48239
0.242755
0.732879
0.182679
0.234807
-0.229296
-2.22768
-1.71276
-0.52334
0.974047
-0.774405
1.77391
-1.30399
1.79389
-0.306216
0.616647
-2.0473
0.207109
1.56305
-1.21001
0.387949
-0.829643
-0.00268237
-1.09052
0.439009
-0.756032
-0.404686
0.334317
0.781805
-0.453731
-0.184424
0.225446
0.133179
0.646545
-0.749946
0.864714
-1.17211
0.47008
-0.741439
1.74153
-0.828576
-0.0925094
0.320884
0.418837
-1.38878
-0.541622
-0.777474
0.236685
0.106754
0.477889
-0.174195
-0.183497
0.900175
0.561506
-1.49491
0.795594
-1.2195
1.40412
0.697518
0.880058
-0.228452
-0.168669
-0.539451
-0.870359
-1.4581
1.37626
0.0439339
1.49233
-0.0843309
0.439588
0.270764
-1.28035
-0.661561
-0.302767
-1.22092
2.16537
-0.590085
2.59965
-2.0679
0.697663
0.418068
0.0770106
-0.952825
0.714823
1.03016
0.684075
2.20165
-0.214934
-0.614137
-0.263501
-0.314364
-1.07105
0.644655
-1.5032
-2.10606
-0.410267
0.377557
-2.21441
1.76842
0.340029
1.18984
1.31154
-0.680713
0.891865
0.137292
1.79343
2.38317
0.170961
1.26891
-0.286767
0.798219
-0.543228
0.782341
-0.929689
0.337706
0.716256
0.735529
-0.417324
0.464249
0.892332
-1.12671
-0.256362
-1.12774
1.43407
-1.9198
-0.22019
-0.524391
0.435944
-0.717243
-0.719355
-1.68195
0.0367338
-1.2895
0.191931
-0.0978665
-0.627465
1.4104
1.62244
0.877362
-0.895391
0.144662
-0.0322935
0.487287
0.409664
-0.228057
-2.73086
1.33183
-0.261564
-0.507948
-1.97393
-2.07519
1.04448
1.5244
-0.0924459
0.160041
-1.12556
0.384199
-0.973592
-0.795307
1.12136
-0.862536
-0.572462
0.935852
-0.238602
-0.862566
-0.5096
0.133871
1.67896
-0.0468018
-0.22277
0.635526
-0.155756
0.795569
0.0712241
-1.58412
0.00429677
-0.297129
-0.522849
1.61155
-0.650936
-0.473656
0.440083
1.1652
1.57383
-0.998375
0.647773
-1.67439
-0.491573
-0.37261
0.330192
-1.34804
1.04388
1.60612
-0.898142
-0.607368
1.00685
0.324174
-0.451406
0.234959
1.12272
-0.596282
-0.231752
-1.78875
0.262072
-1.00636
0.480395
-0.116889
-0.836104
0.128909
-1.07864
-0.765906
0.0449097
0.340103
1.50509
-1.20189
0.0234995
1.75264
-0.311664
-0.529315
-0.712798
0.578489
1.29307
0.693402
1.96821
-0.0206623
1.09288
0.866392
-0.586059
0.163968
2.44073
0.493732
-0.530804
0.123235
1.09007
0.734365
0.477325
-0.975007
0.536903
0.674126
0.0540533
-1.03869
-0.173761
0.884664
-0.0543793
-2.24883
0.0333111
1.49351
0.335477
0.769089
-0.121342
-0.769384
-0.300374
-0.0650671
0.27891
0.545259
-2.35587
-0.784759
-1.59674
0.0870982
-1.76664
-0.267531
-0.734695
0.441805
1.75826
-0.571957
-1.0611
-0.351656
0.145608
2.44255
0.765235
-1.51844
-0.23465
0.465679
0.571166
0.964264
0.589436
0.628829
-0.267302
0.0561623
0.196125
0.328706
-0.682286
1.05342
-2.76643
0.544487
0.849029
2.17609
0.109524
1.04546
0.272122
-0.214572
0.00847098
-1.55452
1.06979
2.40066
-0.250212
0.363611
1.26416
-1.05749
1.43626
1.25771
-0.160281
-0.21235
1.42898
0.253608
0.956013
0.116726
0.959746
-1.7198
0.118549
-0.764609
0.462773
0.948202
-0.803471
-0.467392
-0.022041
0.341388
-0.0376607
0.394761
0.474515
-0.0770599
-1.13503
2.72622
0.219095
0.815887
-0.532032
1.22075
0.259332
-1.37059
-1.56173
0.791156
1.38699
1.47406
-0.765245
0.805802
1.42071
0.87996
-0.386373
-0.00491203
0.0185084
-2.46089
-0.479026
0.455922
-1.14498
0.917072
1.02812
-0.0889714
-1.55633
-1.30592
-1.75198
-1.02421
-0.778202
0.763544
0.705572
1.51659
0.401643
0.015987
-0.359106
2.12995
2.45133
0.262573
1.18403
0.297885
0.0618494
-1.95111
2.70999
-0.356647
-0.215723
1.80803
-0.750587
0.747848
0.135557
-0.0364048
-1.07505
1.29902
0.721661
0.0399211
-0.475879
-0.854877
-0.278209
-1.14014
-0.15968
-0.250395
0.9486
-1.1996
0.329836
-0.103812
0.757314
-0.128256
-0.659202
-1.28678
-1.43568
-1.15015
-2.07445
1.52232
0.41278
-0.0954901
-0.125816
-0.770453
-0.702384
-0.187393
-0.0977361
-0.0999441
-0.816279
-0.160506
0.414784
0.837192
-0.869005
0.692487
-1.44326
-0.787183
1.18033
-0.781104
0.378512
-0.509633
0.0892123
-0.287013
-0.868182
-0.920204
0.356928
0.373888
1.84247
-0.153253
0.313482
0.854888
-1.48093
0.505874
0.308181
-0.469834
0.592751
-1.8192
1.10506
-0.630467
0.604406
1.57103
1.51596
1.24509
0.234186
0.0690297
0.655517
1.13114
0.0832662
-0.558848
-2.23285
-0.318431
1.01892
-0.615297
-0.716725
-1.1854
0.858662
-1.13157
-1.5111
-0.500013
-1.89219
0.826131
0.204979
0.874712
-1.19066
-1.07372
-1.38593
0.93857
1.51361
-1.1869
-0.0764661
0.204796
1.90054
0.200391
0.0511686
0.498852
-0.514487
0.339902
-1.64828
-0.487943
0.561797
-0.142377
0.79647
0.460775
-0.501576
0.663304
-0.5974
-1.72471
0.469186
-2.09133
0.481521
0.0674281
1.61662
1.20206
-0.531715
-0.342432
-0.654373
-1.75657
0.466507
-1.09917
-0.396709
0.48235
-0.837015
-0.136159
-0.267621
1.02668
0.260311
-1.35943
0.233783
0.666553
-0.317966
-0.469105
0.618236
-0.857802
1.09763
0.0950967
1.05975
1.07282
0.875995
-0.329869
0.998344
1.8195
-0.118202
0.421651
1.34328
1.60705
1.25245
-1.26561
-2.05881
-0.166423
1.83829
-0.287073
-0.247407
-0.87776
0.999952
-0.150249
-0.150598
0.0612933
-0.683062
-1.93591
-2.06721
0.0718119
1.90654
0.663764
-0.163507
0.244256
-0.947413
0.0363164
-0.110962
-0.921724
1.22784
0.851369
-0.551168
0.828783
-0.278466
-0.412565
0.856628
-0.237683
0.0615237
1.39948
-2.10365
-0.699983
-0.746646
0.843141
-1.70346
-0.710137
0.678819
-3.22643
2.23335
-0.478821
-0.828107
0.0853977
0.368916
0.0995447
-0.537376
-0.734595
-0.4479
-0.307826
-0.895702
-1.69473
-1.70858
-0.22641
-0.959815
-1.78692
-1.02565
1.65779
-0.277338
-1.06328
0.38192
-0.00581427
-1.24009
0.863509
0.664506
-1.38046
0.773682
0.856711
-0.996087
1.31761
0.159608
-1.74511
-0.980529
-1.116
0.119366
0.47908
0.25269
2.25182
1.22363
0.538111
1.25626
-1.03085
-0.712029
-0.816191
-0.4469
0.933854
-0.997235
0.904939
0.121206
0.542361
-0.916012
-2.24716
0.75055
0.427121
0.447843
0.0985251
1.60616
-1.14477
1.31489
-1.09737
1.28696
0.0385894
0.285915
0.796414
-0.480132
-0.63378
0.0511371
-0.906866
-0.476474
-0.299367
0.972034
-0.711861
-1.14264
0.979877
1.75399
-0.550737
0.436496
0.493058
1.06666
-1.5292
0.293586
-0.389713
-0.576512
0.961669
-0.313301
-0.342143
-1.06575
-0.244565
-0.50189
-1.43798
-0.264779
1.69898
-0.011695
1.3092
-0.0704394
-1.45224
-0.398544
0.126357
1.27447
1.18676
-2.07421
-1.09395
-0.177108
-1.05215
1.64471
0.652544
-0.482484
0.706543
1.17503
0.266649
-0.82757
-0.175166
0.354994
-0.0351671
-0.478623
1.54773
-0.851213
0.993757
1.5328
-1.69079
-0.697186
-0.646738
-0.45825
-0.743528
0.103708
-1.23224
-0.825931
0.841845
1.67117
1.24506
-0.844456
-0.919078
0.192098
1.05993
-2.45219
-0.508817
0.84276
0.440252
1.59459
-0.184068
0.209196
1.15938
-0.0946676
-1.84251
0.290287
0.178503
0.537801
-0.278591
-0.772307
1.35948
1.47845
0.269412
0.787703
-0.224116
0.703981
-0.436165
-1.76838
1.37494
1.04894
-0.242547
-0.623205
0.344192
-0.310272
-0.404744
0.485443
0.305303
0.945849
-0.614131
0.788825
-0.908989
-0.985725
0.740289
-0.593236
-1.32636
1.76395
1.56311
-0.46313
0.255021
-0.850373
0.0246462
-0.721474
0.567259
-0.704909
1.75418
-0.225983
0.979982
-1.61559
-0.438826
-1.25606
-0.024179
-1.2715
-0.778962
0.443846
-0.411747
0.199728
-1.14359
-1.63511
1.39273
0.140353
-0.0925722
-0.0288099
0.962765
-0.479016
0.0703316
-0.91575
-0.272525
-2.25154
-0.931611
0.666785
1.03692
0.240598
0.602686
0.93818
-2.45138
-0.124867
1.12475
-1.34037
1.11767
0.00254969
0.0774292
-0.133004
-1.05992
-0.981997
-0.0661327
-1.20344
-1.24902
0.239415
-0.697126
-1.03013
-0.480195
-0.186178
-0.193681
0.439602
-0.316897
0.568359
0.81236
0.356738
-1.19896
0.688537
0.607423
0.0512337
-2.37555
-0.809192
-1.7752
-0.603683
0.129905
0.167818
1.66399
0.189845
1.49321
2.07522
-0.530445
-2.72189
-0.51663
-0.577023
-2.21241
-1.15912
0.143478
-0.747303
-1.75097
0.275984
0.868217
-0.498911
1.12669
-0.65192
-1.35698
-0.534403
-1.88143
-0.767498
1.17229
0.538584
0.178868
-0.00301859
-0.382715
-0.338209
1.50629
0.623454
1.01949
0.637377
1.61077
0.47751
1.1487
0.686799
0.0357783
1.66855
-1.40884
0.545563
0.183235
0.575839
-1.07435
1.01898
-0.283612
0.809442
2.47017
-0.383733
1.92195
1.3335
0.513078
-1.26156
0.712556
0.250849
-0.693483
-1.53091
1.5401
-0.223695
-0.201167
-0.655663
-1.80976
-0.479655
-1.15234
0.293634
-0.108049
1.5725
-0.345563
1.81916
0.79718
0.686204
-0.0781307
-0.0966155
-2.06878
-0.169276
-0.516744
-0.614901
-1.30881
-0.541314
-1.89636
-0.814693
2.13214
0.43675
-0.93255
0.467354
-1.67978
-0.485589
-0.15253
0.00479566
1.60972
0.180771
-0.773058
0.748538
1.01319
-2.01824
-1.79835
-0.126584
0.169688
0.25264
0.507837
-0.135647
2.09198
-0.519683
0.545507
0.27736
-0.777871
1.10205
-0.135408
-0.913881
-1.00733
-0.68942
-1.39557
-0.23874
1.91697
0.647529
0.852428
0.267341
0.159072
0.477738
-0.330942
-0.0552805
-0.231865
-1.23407
-1.58823
0.14179
0.517788
-0.0828755
-0.0903894
-0.967314
-1.45988
0.60609
-0.0877025
0.532472
-0.757565
0.188817
0.749772
-0.526514
-0.772737
-0.852393
-0.601875
-0.223691
0.772882
0.896628
2.82045
-0.115873
0.0247783
0.414904
-0.140921
-0.273095
1.8531
-0.704908
-0.637971
-0.329017
-0.108772
3.18466
-0.539843
1.50199
1.07438
-0.8112
1.33137
0.68372
-0.0659707
-1.59472
-0.696108
0.385091
-0.325939
-0.810817
-1.47956
0.206665
1.53034
-0.756641
-0.954468
-0.722902
-0.0756017
0.460999
1.48701
1.29566
-0.824703
-1.37522
-0.222298
1.04306
0.0280853
-0.648717
0.612103
0.585369
0.0658755
1.39212
1.30318
-1.42406
1.22826
-0.671153
-0.0899731
1.0497
2.58457
1.10591
-0.789164
2.54534
-2.58203
0.110668
-0.915344
0.18263
0.210394
0.288918
0.436377
0.943795
0.298865
-0.540498
-0.212041
2.46272
-1.0037
0.227165
-1.07116
-1.02366
1.44345
0.910708
-0.527072
-0.249869
0.0127229
-0.289631
-0.96214
0.808609
-0.515777
-0.0559005
-0.927479
-1.19638
-1.02531
-1.75868
-0.232731
-1.32874
0.273235
0.339771
-0.571654
0.316827
-0.196622
0.660282
-2.11995
0.609108
-0.932551
-1.19612
-0.857324
0.231709
-0.506478
-0.175131
0.625557
-0.136866
-0.469593
-0.99209
-0.646021
0.463468
-0.804679
0.0699913
-0.599157
0.130919
0.400731
-0.864386
0.65713
-0.0428612
-2.15668
2.16475
-0.827794
0.00881743
-0.352584
-0.625011
-0.0732977
-0.176501
-2.17513
-1.16232
0.997915
-1.76741
0.328179
-1.01507
0.395642
0.982447
-0.884294
2.15322
0.29606
0.157381
-1.04813
0.673794
-0.733045
1.11764
0.771813
0.667529
-0.222459
0.388298
0.379219
0.737172
-0.364872
-0.369576
1.14299
-0.912
-0.128096
-0.614676
-0.503538
-0.976876
0.662728
0.869887
0.0998425
0.0593398
-1.87131
-1.30541
0.397404
0.256309
-0.0176474
-0.034833
1.96902
-1.16222
1.05411
-1.7133
-0.146422
0.525008
-0.77551
-0.316769
-1.6922
-1.66638
0.376209
-0.35762
1.83677
-1.05269
-1.22288
1.59699
-0.199587
2.36928
-1.59683
-0.679086
1.38293
-1.22474
-0.572606
0.0173358
0.232288
0.488542
-0.10578
1.3408
-1.62398
0.176637
0.192632
-0.135954
0.861088
0.856345
0.140029
0.310092
0.610265
-0.363151
-0.0785961
-0.263149
1.06654
1.45726
-1.5136
0.238013
-0.71702
-0.0188435
0.0861044
-0.603466
-1.19286
0.641717
-0.657512
0.0798043
0.403711
1.29203
-0.572485
0.907317
-1.22246
-0.322092
-0.0581554
-1.77271
1.68812
-0.591545
0.417773
1.86735
-0.34215
-0.752778
-0.438958
-0.0138898
-1.10719
-2.048
-1.14489
1.06221
0.673426
-1.00825
-0.699783
-0.124191
-1.448
-0.942776
-0.0123261
-0.113903
0.00693731
-0.170173
-0.0766972
-0.344595
0.788262
1.37746
-0.382491
-2.39524
1.30654
-0.0734234
0.788136
-2.02564
-0.397321
0.578552
0.354594
-2.19806
1.00209
-1.57443
-0.349258
0.890764
0.582739
1.05421
1.64756
1.23387
0.614243
-1.19096
-0.0480863
-1.08279
0.642257
-0.205407
-1.46753
0.533292
-0.475058
1.86636
1.112
-0.237592
0.424895
-0.612881
0.263266
-0.356203
0.321778
-0.291489
0.549595
-1.08226
2.01413
1.16313
1.16291
-1.54662
0.0949397
-0.36273
-0.27452
0.273588
1.37644
1.29916
0.246565
-0.782318
0.516707
1.20756
-1.08875
-0.511887
1.1284
-0.323835
-2.36282
-0.697138
-0.232153
0.241492
0.613518
-0.0993871
-2.18724
-0.339141
-0.685885
0.547084
0.263898
0.749145
1.21368
0.0942404
0.556824
-0.796905
0.388682
-1.71278
0.565005
0.465703
1.84616
-0.913593
-1.48104
-1.14091
-0.214906
2.88407
-0.582453
0.604694
0.610759
0.678157
-1.46487
-0.31869
0.497619
-1.03977
0.893639
0.307155
-0.853474
0.114594
0.801792
-1.57042
1.64034
-1.50775
-1.40471
-0.746487
0.405368
0.123685
0.207793
0.369703
-0.786232
-0.131317
0.151174
0.137561
1.06215
-0.0375317
-1.87202
2.18169
-0.135826
0.492633
-0.501052
-0.595332
0.0235402
-1.41728
-1.21081
0.194065
-0.376482
1.10584
0.723219
-0.58594
-0.966142
1.22017
-1.22078
0.991073
0.430743
0.00600785
1.08657
-0.339021
-0.308155
0.150251
1.40623
0.932333
0.0556318
-0.75285
0.348533
0.375243
-2.63211
1.83768
-2.20812
-0.154742
-1.39017
0.0470521
0.37791
1.60837
1.64557
-0.413691
0.521341
0.822988
-0.73695
-0.398736
0.381336
0.519625
-0.266555
1.78972
1.35789
0.962493
-0.736232
-0.487296
0.669419
-0.202306
1.88182
-0.170455
0.582855
-0.832977
0.706591
1.37186
0.254934
-0.853183
0.408718
-0.209232
1.26054
1.21298
0.428921
1.57732
-0.269575
1.05682
-1.3612
-0.424272
0.70812
-0.175076
-0.747458
1.23664
2.40827
0.563566
-0.354321
-1.46286
-1.6974
-1.08019
-0.748345
-0.304135
0.796123
-0.0874102
0.386626
-0.263122
0.543744
0.497279
1.15634
1.4818
-1.39273
0.322542
0.769821
-0.385266
1.43756
0.655133
1.88826
-1.23353
1.33228
0.295759
-1.11714
0.334169
0.0552677
-0.903224
-0.680161
-0.520114
0.894936
0.333363
-2.17666
-1.61033
-0.465827
0.235669
0.320729
0.396402
0.413163
0.849756
-2.12974
1.37904
2.34633
-0.485807
0.175332
2.45354
-0.199461
-0.422417
0.280524
0.975949
0.115764
-0.5376
0.626799
0.82294
-2.08595
-1.46812
-0.424941
-1.59875
-1.02283
-0.401418
-1.7972
-1.62627
0.373993
-2.06932
1.17913
-0.737471
-1.03494
0.0559674
-0.524453
0.051718
0.127534
-0.623733
-0.764292
-0.991393
1.17324
-2.49494
0.148251
-0.296082
-0.709019
1.8475
0.712562
-0.327788
-1.98436
-0.967816
-1.52997
-1.5541
-0.841283
0.835256
-2.7618
-1.02651
-0.566581
-0.692116
-0.93552
0.46059
0.23863
-0.594596
2.22305
1.18875
-0.686941
0.637628
-0.721423
-0.175649
-0.18359
1.33223
0.651348
-0.670502
-1.60699
-0.194999
0.206721
-0.962594
-0.278252
0.238774
-0.855535
0.881075
-0.102585
1.56072
0.0148019
0.371491
-0.966898
0.480372
-0.266446
-0.87329
0.393893
-2.19338
-1.20482
0.0342453
-0.889102
-0.764794
-0.153328
-0.514793
1.54943
0.205837
0.313524
0.278842
1.32464
1.98148
-2.85616
-1.58292
-0.940145
1.0989
-0.350655
0.961357
-1.83877
0.525181
1.23022
0.986332
0.595393
-0.559571
-1.04121
-0.504469
-1.12487
-0.190606
-1.42362
0.681671
0.90743
-1.648
0.0274041
-0.151478
0.818348
3.3882
-1.47539
-1.5387
1.78802
0.15649
-0.253076
1.64364
0.0351632
0.881462
0.692579
0.664426
0.406189
0.211293
-0.733096
-0.0115705
2.02418
1.61758
0.00831913
-0.0600685
-0.720598
1.68944
0.949485
0.247863
1.22758
0.276943
1.01632
1.04133
0.417437
-0.997271
0.556099
1.14424
0.552199
0.783272
0.837195
2.03342
-0.425268
0.135861
0.600252
-0.748037
1.52022
0.59836
1.40629
0.466149
0.260747
-0.441969
0.288022
0.37462
1.07393
-1.33299
-2.02716
0.319216
0.494552
-0.641214
0.147015
-1.15654
-1.04121
0.181164
0.991179
0.952558
-0.3196
1.859
-0.761802
-0.472159
-0.689421
-1.18755
0.127045
-0.433775
-0.438718
0.997561
0.284329
1.69505
-0.0251507
1.69591
-1.23778
-1.10025
-0.604236
-0.191973
0.489297
-1.03946
-0.382953
-0.537908
1.44222
-0.352731
1.80713
-0.754558
-0.198771
1.09674
-0.0465038
-0.0407517
-0.48722
-0.903736
1.34647
-0.84343
-1.20376
0.153531
-0.727321
-1.67279
-0.996634
0.679144
-0.366
0.774009
-0.303943
-0.571167
-0.960444
0.899959
0.127306
0.234662
-0.135208
-1.50121
-2.54493
1.07019
-0.362125
1.23866
-1.01463
-1.49618
0.156092
-0.992182
-0.904021
-0.879504
-0.769731
1.67579
0.320882
0.887954
-0.303925
0.562723
-0.569415
0.725827
-0.200823
-1.04986
0.492518
0.639795
1.57766
-1.26219
0.543611
-1.09019
-0.11424
-0.270595
0.323284
1.55461
-0.688318
-1.45792
1.94629
3.31791
-1.00856
0.446155
0.444872
0.381276
0.533335
0.943491
-0.861333
1.04803
0.872058
-0.0764532
1.64878
-0.296744
-2.67916
0.792557
1.17647
-0.151883
0.0303883
-0.10268
1.81448
-1.88787
0.102063
-0.108281
-0.667354
1.40376
-0.395924
-0.853833
-0.197561
-0.342962
0.878588
0.0374381
1.92366
-1.00783
-0.190176
2.19975
1.50778
0.27809
0.156193
1.09567
-0.37674
-0.459897
-0.301196
0.69065
-0.811432
-0.0227705
0.712834
-1.45188
-0.822402
-0.686628
-1.4686
-0.494958
0.68653
-1.25542
-0.68029
-1.17127
0.877626
-0.164422
-1.17351
1.72233
-0.126684
-0.219531
0.330759
0.965026
1.23045
0.828776
-1.38758
-0.996087
0.738932
0.222137
-0.207894
0.848479
-0.0162776
-0.180734
-0.900765
-0.379154
0.607461
1.23614
0.173151
0.0475898
0.0979058
-0.38468
1.09102
2.43903
0.679672
1.09213
0.115079
-0.22255
0.000546663
-0.231045
-0.294937
-0.160136
0.308412
-1.85597
-1.34016
0.838385
-0.379726
-1.59799
-1.53136
-0.737736
0.235982
0.525097
-0.156778
-1.2142
1.36533
-0.554882
0.445462
-0.43954
-0.0883299
-0.996081
0.322768
-0.653068
-0.405048
0.835457
-0.072226
-0.0746668
-0.214369
0.983409
-1.99478
1.81144
0.0146155
-0.889744
0.624216
-1.36484
1.60897
0.414022
1.68969
0.525399
-0.992061
-0.74212
-0.474371
0.040958
0.0248671
-0.148607
-0.787465
0.952018
0.632923
-0.591846
0.409541
1.1705
-0.541606
-0.624541
0.348283
0.438532
1.50464
-0.51871
0.315544
-0.217034
-0.613439
0.614922
-0.118491
0.000555029
1.62981
0.0360636
0.39173
0.743997
0.297712
0.450936
0.0738851
1.94828
-2.37059
0.154573
2.25252
1.93313
1.22889
0.0589021
-1.08935
0.00986785
0.575007
1.19176
0.27714
0.481605
0.106795
-0.757451
-0.198565
-0.337322
1.55197
-2.22038
1.71748
-0.593775
-0.699019
0.00802147
-0.202435
-0.979114
0.0381439
-0.811704
1.13282
0.019745
0.710509
0.657412
1.21796
1.06819
0.786425
-0.117394
0.610524
-0.058189
0.414847
-0.0105962
2.11898
-0.278421
0.534486
0.941838
1.38648
0.296939
0.242488
0.34904
-0.954219
0.549168
-0.553874
0.474777
-0.101029
2.34375
-1.19896
-0.947458
-0.295852
-0.0138257
0.407907
0.881969
-0.594711
0.139104
0.335841
1.04234
-0.415896
0.823985
-0.340957
1.02113
1.11376
-0.559707
-1.32086
0.0755182
-0.707464
-0.177152
-0.349845
0.395736
1.21748
-0.22844
-0.796439
0.81021
-0.97773
0.368663
-0.880249
0.235403
0.129439
2.04233
0.473692
-1.91511
0.866142
-0.299442
0.767191
0.494107
0.448903
-1.09729
-0.955246
-1.46053
0.168441
0.0661858
-0.0784674
-0.546574
1.86558
-0.387686
1.652
0.167336
0.448194
-0.141959
0.318157
2.22216
-0.10033
0.785461
1.80877
-0.54214
-1.08237
0.827285
-1.01024
-0.261602
0.161563
-1.01074
-0.682727
-0.367074
1.46472
-0.719992
0.00525496
0.236204
0.899308
0.546359
-0.0894832
-0.491454
-0.858994
-0.872376
-0.725777
0.048036
1.08748
0.0644132
0.765135
1.20172
2.94448
-0.446007
1.7596
-1.71277
-0.362307
-1.88916
1.29944
0.605534
-1.09987
-0.104853
0.772117
-0.340561
-0.815518
-1.21038
-0.129832
-0.519066
0.947383
-0.882791
0.269931
-1.21776
0.833407
-0.395149
0.423206
-0.946028
0.0800161
0.0688569
0.651485
0.98946
0.650455
1.27756
0.209329
0.712416
-1.51398
-0.250304
0.355892
0.959113
0.213841
-0.643333
0.427553
-0.325716
-1.42774
0.464928
-0.367308
-0.0397258
-0.66847
0.158704
-0.48858
-0.820358
-0.98139
0.238884
2.3299
0.220993
0.261163
-2.69381
-0.678559
1.15945
0.00341407
-1.82412
0.866614
1.78825
0.645512
2.38189
0.948274
-0.287091
0.535102
-0.299651
-1.06327
0.393623
-0.563919
-0.425193
-0.0936924
1.09516
0.313038
-0.0722434
0.165499
-3.13395
-1.1969
-1.48013
0.417802
-0.830658
0.249653
-0.397441
0.569049
-0.588961
-1.03397
-0.786791
-2.08916
0.742584
0.804537
2.26624
-1.05785
-0.655812
-1.82686
1.70266
-0.0961261
0.745274
0.484951
1.23079
1.34358
-0.705434
1.06979
-0.215073
0.108771
-0.427688
0.799136
1.24734
1.51704
-0.77869
0.0695405
0.419213
0.321087
-0.580417
-1.66087
1.62255
0.965823
-0.611202
-0.0368725
0.516248
0.181289
0.205515
-0.996671
1.14398
1.85975
-0.796217
-0.138261
1.50989
-1.22152
-0.752792
1.03866
1.19185
-0.443349
1.63967
-1.05612
-0.112843
-2.29139
1.0926
-0.359558
-1.50193
-1.34875
1.85067
0.0267476
-0.0439829
0.399042
0.594192
0.598492
-1.2951
2.42824
-0.615884
-0.194784
-0.877236
-1.49859
1.48973
0.141225
-1.77767
0.675666
-0.970572
2.26235
-1.67554
0.966648
-0.282814
0.569142
-0.314121
0.277122
-0.131511
-0.67911
-0.892723
-0.808276
0.299852
0.00529364
-0.337243
-0.525757
-0.121208
-0.794101
2.02949
-0.986091
0.617986
-0.114744
0.343925
2.17696
-0.907895
-1.40911
0.549457
-0.194857
-0.195901
1.29352
0.0450558
-0.0712754
0.0614914
0.194032
-0.583034
0.140953
1.05556
1.17278
-1.88079
0.0586959
-0.211906
0.321805
-1.05015
-1.38075
0.174547
-0.0481508
-1.19584
-0.561934
-0.792073
-0.964354
1.85789
1.65357
-0.135966
-1.22574
1.74517
0.329333
-0.00420163
1.27961
1.25328
1.43144
1.88604
1.00348
-0.739497
-1.01451
0.204109
-1.16803
0.769782
0.815247
0.91408
1.5621
1.00812
1.46272
2.18413
-0.307086
0.793562
-2.39927
-0.017782
0.586557
-0.370308
1.39122
-0.221704
0.46007
0.5773
-0.0911863
0.612939
0.329973
-0.418666
1.02549
1.69056
0.740361
0.0817489
-1.57228
0.287688
-0.705802
0.348381
1.85061
-0.710212
0.517189
0.0295092
-1.23743
-0.148244
0.73489
-1.39597
0.269771
0.458519
-0.0421068
-0.399405
-1.37734
0.827335
0.829241
0.638483
-1.13844
1.45826
2.12088
-0.283122
-0.303525
0.427529
-0.9303
0.349287
-0.604931
1.73688
0.591712
1.05826
0.459232
-0.18969
-0.0908705
-0.575165
-0.190258
0.80165
-1.79587
-0.212764
2.23493
0.197712
-1.35894
-0.324614
-2.17287
1.33854
-1.04089
1.87901
-0.469789
0.349887
0.576259
0.412876
-0.115358
-1.95465
-0.3496
0.597189
0.851923
1.85627
1.68742
-0.406214
-1.71641
-0.835215
2.14896
-1.8554
-1.00248
1.64438
-0.994835
0.207636
-0.434146
-1.49088
0.617162
1.24303
1.90708
0.742599
1.05386
0.904844
2.20924
-0.74323
-0.830934
0.419748
-1.37587
-0.136011
0.589957
2.07661
1.25478
-0.551346
0.67744
0.435272
1.64379
-0.051817
-1.11221
0.587958
0.506974
0.0532075
-0.740565
0.312094
1.0053
0.217601
-0.480943
0.384014
0.452603
-1.8768
-1.64831
1.67403
0.226773
-0.973772
-0.0524013
-0.46651
0.884524
0.331641
0.673891
0.73752
-0.0781895
-0.950807
-1.03445
-0.83544
0.0387309
-0.389441
-0.299685
-0.189129
-1.17733
0.936822
0.717218
0.326431
-0.5155
1.46646
-0.965722
-0.501135
-0.182007
0.505984
1.04267
1.44769
-1.5124
-2.09679
1.2056
-0.00192007
1.40563
-0.705554
-0.208361
-0.409045
1.2801
2.50018
0.608511
1.95364
-1.118
-0.331355
-1.70445
0.143847
0.495219
-0.771052
-0.613783
1.557
-0.669792
0.210201
-0.316198
-0.998846
-1.12203
-1.03156
-0.422814
0.5328
-1.34685
0.37078
-0.570199
-1.41463
1.06292
0.250902
0.075186
1.76072
-1.76472
4.52687
0.550102
-0.769736
-2.32451
0.334453
-0.652452
1.04986
0.87635
